# E[eV], EF_E [erg/cm^3s]
4.836209802281038402e-05,0.000000000000000000e+00
5.344838427193390122e-05,0.000000000000000000e+00
5.906959991547306539e-05,1.121464258724622608e-14
6.528200396894464188e-05,1.359031851382097696e-14
7.214777226017674483e-05,1.627670239967077517e-14
7.973561970589209259e-05,1.928291472068622372e-14
8.812148803369157610e-05,2.262133378692415286e-14
9.738930583238693424e-05,2.630917148682834019e-14
1.076318285375292479e-04,3.037223370592262827e-14
1.189515667589820648e-04,3.484587432367618882e-14
1.314618122415605846e-04,3.977740082640686291e-14
1.452877717268941332e-04,4.522607708121177831e-14
1.605678200645763816e-04,5.126441127896839247e-14
1.774548851141735358e-04,5.797809034220710276e-14
1.961179782986400069e-04,6.546700861820489006e-14
2.167438861274474421e-04,7.384609377705296887e-14
2.395390396187550386e-04,8.324654543508888235e-14
2.647315803304179272e-04,9.381803883102962058e-14
2.925736436773854459e-04,1.057301190532897174e-13
3.233438823876739121e-04,1.191761894824233820e-13
3.573502553525289833e-04,1.343747077458946471e-13
3.949331097825222467e-04,1.515755612384557199e-13
4.364685875168196143e-04,1.710605487232880427e-13
4.823723895771454546e-04,1.931531020828392801e-13
5.331039366433185100e-04,2.182173458153800059e-13
5.891709670898368943e-04,2.466725329111556224e-13
6.511346186021931687e-04,2.789898023240802950e-13
7.196150442314208813e-04,3.157130740306717340e-13
7.952976190942883522e-04,3.574524791276644989e-13
8.789397998378126490e-04,4.049138552088321886e-13
9.713787055199793073e-04,4.588877180585017187e-13
1.073539495778651079e-03,5.202898542858294596e-13
1.186444630140157325e-03,5.901446992757531235e-13
1.311224101137921762e-03,6.696398229236151665e-13
1.449126743657514708e-03,7.601027140107830001e-13
1.601532733695945924e-03,8.630723274801272963e-13
1.769967401626952727e-03,9.802683116602616888e-13
1.956116498220023762e-03,1.113683274522064320e-12
2.161843066200747673e-03,1.265543674036872959e-12
2.389206086208556842e-03,1.438426990262955749e-12
2.640481083767029849e-03,1.635213580655043381e-12
2.918182903508193676e-03,1.859233927242225106e-12
3.225090878582802766e-03,2.114210477614672687e-12
3.564276647160758045e-03,2.404441404710178254e-12
3.939134894418251653e-03,2.734731607425612592e-12
4.353417327688028672e-03,3.110620405457313748e-12
4.811270224807417777e-03,3.538300689586757341e-12
5.317275931460431135e-03,4.024900051122824146e-12
5.876498722833677427e-03,4.578386588705483155e-12
6.494535488584475026e-03,5.207913830423938747e-12
7.177571748393764273e-03,5.923714666380371982e-12
7.932443558726178998e-03,6.737520704368716593e-12
8.766705930380648895e-03,7.662442959019531254e-12
9.688708441578021413e-03,8.713482361863964243e-12
1.070767880334607368e-02,9.907392354857739314e-12
1.183381521355310675e-02,1.126330329188021312e-11
1.307838842390006764e-02,1.280255991916385211e-11
1.445385454139153092e-02,1.454948318018629050e-11
1.597397969324157105e-02,1.653117662231748227e-11
1.765397780290156593e-02,1.877845235583911516e-11
1.951066285611978771e-02,2.132559840698822963e-11
2.156261718096237276e-02,2.421149501008409738e-11
2.383037742599786526e-02,2.747933611054423574e-11
2.633664009797929279e-02,3.117788167613917168e-11
2.910648871611172528e-02,3.536137545085867681e-11
3.216764485634360932e-02,4.009070056126465496e-11
3.555074559821670005e-02,4.543351764593881937e-11
3.928965015105485153e-02,5.146552716012642492e-11
4.342177872831235602e-02,5.827030794525464694e-11
4.798848706164666328e-02,6.594143056026017462e-11
5.303548030298126797e-02,7.458192315504274781e-11
5.861327045702881267e-02,8.430673300551720289e-11
6.477768192241063760e-02,9.524201203562183226e-11
7.159041020100294361e-02,1.075278772947352168e-10
7.911963936725474600e-02,1.213177038301129416e-10
8.744072447732290088e-02,1.367810535359190473e-10
9.663694574780284929e-02,1.541029665393364509e-10
1.068003420521255881e-01,1.734870800534637667e-10
1.180326320765410081e-01,1.951548928056622063e-10
1.304462323549161196e-01,2.193490393734867468e-10
1.441653823711916138e-01,2.463326171713475389e-10
1.593273879898968182e-01,2.763924720321382354e-10
1.760839956593894529e-01,3.098385620818407554e-10
1.946029111413153656e-01,3.470074151293542841e-10
2.150694779662414846e-01,3.882615352793366952e-10
2.376885324140008415e-01,4.339927938779574260e-10
2.626864535840350845e-01,4.846218812974238232e-10
2.903134290735043810e-01,5.406020162875207431e-10
3.208459589388535926e-01,6.024181293931993459e-10
3.545896230013149131e-01,6.705910676069425692e-10
3.918821391924601216e-01,7.456761891585322608e-10
4.330967435487804718e-01,8.282683538207349100e-10
4.786459256833797693e-01,9.190002142917638826e-10
5.289855571206678597e-01,1.018546793579612865e-09
5.846194538118072437e-01,1.127625013640815887e-09
6.461044184940772928e-01,1.246997080146444836e-09
7.140558133598328139e-01,1.377470056627903582e-09
7.891537188081408916e-01,1.519899686550691337e-09
8.721497399180027088e-01,1.675189690857301719e-09
9.638745287646177662e-01,1.844294130589555860e-09
1.065246097864522845e+00,2.028216312234199278e-09
1.177279007953437207e+00,2.228012424010524886e-09
1.301094522051089664e+00,2.444788131177082494e-09
1.437931827438395649e+00,2.679699505135825877e-09
1.589160437860287933e+00,2.933949995043467788e-09
1.756293900079548775e+00,3.208790620485332830e-09
1.941004941961577135e+00,3.505513509698805700e-09
2.145142213697048383e+00,3.825450403145441942e-09
2.370748789714389293e+00,4.169962328240325634e-09
2.620082616455385871e+00,4.540437352862043338e-09
2.895639110662042270e+00,4.938276349438357295e-09
3.200176134346119916e+00,5.364888330457893143e-09
3.536741596399077814e+00,5.821667610804785236e-09
3.908703957088699443e+00,6.309990158219613603e-09
4.319785940741640573e+00,6.831190101018517718e-09
4.774101794019711242e+00,7.386541669888555825e-09
5.276198462683359125e+00,7.977233263874988596e-09
5.831101098953086925e+00,8.604349594844129729e-09
6.444363354921899045e+00,9.268846078429808756e-09
7.122122965372104986e+00,9.971507038129279013e-09
7.871163176287940821e+00,1.071293001937689335e-08
8.698980633861369327e+00,1.149348567558509922e-08
9.613860413446847275e+00,1.231328213838304959e-08
1.062495893938017311e+01,1.317213863270676602e-08
1.174239562555086103e+01,1.406952859435828730e-08
1.297735415389750990e+01,1.500458381984875536e-08
1.434219440445572502e+01,1.597602836446701687e-08
1.585057615719174606e+01,1.698216503043613292e-08
1.751759580367156488e+01,1.802085096876574463e-08
1.935993743682184487e+01,1.908948701407983772e-08
2.139603983093948969e+01,2.018501313195385236e-08
2.364628098314251403e+01,2.130390952338352836e-08
2.613318206321432768e+01,2.244222157287842644e-08
2.888163281304061769e+01,2.359559251903596944e-08
3.191914065151189206e+01,2.475932512268390922e-08
3.527610597801711378e+01,2.592846055276260395e-08
3.898612642985899868e+01,2.709786691562145586e-08
4.308633313870052461e+01,2.826231902119180249e-08
4.761776235141083902e+01,2.941670753945326841e-08
5.262576613461679642e+01,3.055610470494867525e-08
5.816046627342875297e+01,3.167590661045847980e-08
6.427725590711297343e+01,3.277204417073472193e-08
7.103735392224736245e+01,3.384105654847296742e-08
7.850841765191479737e+01,3.488023635942101516e-08
8.676522001303318632e+01,3.588763640966889438e-08
9.589039785883940681e+01,3.686228570809053070e-08
1.059752790362926191e+02,3.780396079547571874e-08
1.171207964258624088e+02,3.871326400600832440e-08
1.294384981117213442e+02,3.959155253155232078e-08
1.430516637924642964e+02,4.044075651354646699e-08
1.580965386057665398e+02,4.126316844377321123e-08
1.747236967155170362e+02,4.206132235302707201e-08
1.930995483086589388e+02,4.283781473522846589e-08
2.134080050842733556e+02,4.359517297768598225e-08
2.358523209036791854e+02,4.433568432046515415e-08
2.606571260233912994e+02,4.506130977421628247e-08
2.880706752702310496e+02,4.577368278947955460e-08
3.183673326590728720e+02,4.647419866346062515e-08
3.518503173201225422e+02,4.716382843855144354e-08
3.888547382178883822e+02,4.784330236926634665e-08
4.297509480343291557e+02,4.851311238965387153e-08
4.749482497829793601e+02,4.917366843082251745e-08
5.248989932510769449e+02,4.982525572589966183e-08
5.801031022682757339e+02,5.046790730615277874e-08
6.411130781123625866e+02,5.110178749036327971e-08
7.085395291277437764e+02,5.172690848922224311e-08
7.830572818989954840e+02,5.234331420056942964e-08
8.654121351421338204e+02,5.295093335744946277e-08
9.564283239088380242e+02,5.354980982560131473e-08
1.057016768807884773e+03,5.414002098182208117e-08
1.168184192804764280e+03,5.472137615605395366e-08
1.291043196843500255e+03,5.529403274917556400e-08
1.426823395130849576e+03,5.585797874284956489e-08
1.576883721528573233e+03,5.641315655018146332e-08
1.742726030220279881e+03,5.695967094360667671e-08
1.926010126772874628e+03,5.749748172818774603e-08
2.128570380028571435e+03,5.802667155521958023e-08
2.352434081084805712e+03,5.854723036559431122e-08
2.599841733104940886e+03,5.905932843019007911e-08
2.873269475026969758e+03,5.956285028193747137e-08
3.175453863594288578e+03,6.005793343977598839e-08
3.509419261735361488e+03,6.054447299115452553e-08
3.878508107404430120e+03,6.102271001847268687e-08
4.286414365824001834e+03,6.149253794548392564e-08
4.737220499930354890e+03,6.195389626574451039e-08
5.235438329034806884e+03,6.240691952450894802e-08
5.786054184627830182e+03,6.285167708085022675e-08
6.394578815260580086e+03,6.328795794150841495e-08
7.067102539968631390e+03,6.371585627009833913e-08
7.810356202231871976e+03,6.413540716633406241e-08
8.631778534518420201e+03,6.454666749977425292e-08
9.539590607619391449e+03,6.494947203415625918e-08
1.054287810988855199e+04,6.534402801370688733e-08
1.165168227986517559e+04,6.573012529789382167e-08
1.287710040236435634e+04,6.610798479455144126e-08
1.423139687383330238e+04,6.647754575857609086e-08
1.572812594855324824e+04,6.683876023286374030e-08
1.738226739417201679e+04,6.719177609413199414e-08
1.921037641425347829e+04,6.753656821256217609e-08
2.123074933831929593e+04,6.787318107442167445e-08
2.346360673766427863e+04,6.820157868255981716e-08
2.593129579963037031e+04,6.852186722880618145e-08
2.865851398576869542e+04,6.883397864751946415e-08
3.167255621233576312e+04,6.913793844964317199e-08
3.500358802698969521e+04,6.943389858244942010e-08
3.868494751572993846e+04,6.972168236752179077e-08
4.275347896166748251e+04,7.000133781698969199e-08
4.724990159499394940e+04,7.027290034574796128e-08
5.221921712472346553e+04,7.053643583079568975e-08
5.771116013092223875e+04,7.079182996787413965e-08
6.378069582510201872e+04,7.103916434429792011e-08
7.048857016053159896e+04,7.127836879023599629e-08
7.790191779815444897e+04,7.150982480328481379e-08
8.609493401283996354e+04,7.173311602879218026e-08
9.514961726463267405e+04,7.194855379729978929e-08
1.051565898669005692e+05,7.215631595114747655e-08
1.162160049649067951e+05,7.235655181826523656e-08
1.284385489021501417e+05,7.254931178681423824e-08
1.419465490064931801e+05,7.273473806489595700e-08
1.568751978831760644e+05,7.291336298772876145e-08
1.733739064678485156e+05,7.308552040818298290e-08
1.916077993814335496e+05,7.325122834144826381e-08
2.117593675528335443e+05,7.341137760670273977e-08
2.340302946494834032e+05,7.356636339945624304e-08
2.586434755952840787e+05,7.371684711855517670e-08
2.858452473779162974e+05,7.386333535026022234e-08
3.159078544722126098e+05,7.400690773103182717e-08
3.491321735543631366e+05,7.414828336127766148e-08
3.858507247768216766e+05,7.428860221584379093e-08
4.264309997417543782e+05,7.442881624182922186e-08
4.712791394805107266e+05,7.457011931163807918e-08
5.208439992495772894e+05,7.471381514765285814e-08
5.756216408248472726e+05,7.486111698927894388e-08
6.361602972546073142e+05,7.501339350774682715e-08
7.030658597601512447e+05,7.517203892712640936e-08
7.770079416987706209e+05,7.533811468619304982e-08
8.587265802792995237e+05,7.551330065072216837e-08
9.490396431032351684e+05,7.569845544890591902e-08
1.048851013658587122e+06,7.589436190995012158e-08
1.159159637689634925e+06,7.610200028691678258e-08
1.281069520981688285e+06,7.632157193049604579e-08
1.415800778622062644e+06,7.655304009894075076e-08
1.564701846321961842e+06,7.679608028398486256e-08
1.729262976014303509e+06,7.704939010048696210e-08
1.911131150795954745e+06,7.731169603032091423e-08
2.112126568488133606e+06,7.758073552258226073e-08
2.334260858787997626e+06,7.785371570716365598e-08
2.579757216334781609e+06,7.812742985631706677e-08
2.851072651188988239e+06,7.839826211670096596e-08
3.150922579414904583e+06,7.866194291175008394e-08
3.482307999877257273e+06,7.891448057683340282e-08
3.848545529246521182e+06,7.915136966226585900e-08
4.253300595813306049e+06,7.936900657416432347e-08
4.700624124326691031e+06,7.956373440562585221e-08
5.194993079010667279e+06,7.973267595737155083e-08
5.741355270526853390e+06,7.987390570084683025e-08
6.345178875326621346e+06,7.998624933792185109e-08
7.012507162998925894e+06,8.006939659394504242e-08
7.750018979343580082e+06,8.012388783744246672e-08
8.565095590504838154e+06,8.015132420196012850e-08
9.465894557163912803e+06,8.015294778658119457e-08
1.046143137814811617e+07,8.013065447319211732e-08
1.156166972057334147e+07,8.008677100627841751e-08
1.277762113957345672e+07,8.002252257841127222e-08
1.412145528564520180e+07,7.993947428716486606e-08
1.560662170260071382e+07,7.983868625461804134e-08
1.724798443512255698e+07,7.972065820821337065e-08
1.906197079311887547e+07,7.958572860780346135e-08
2.106673576176236942e+07,7.943401981303658960e-08
2.328234370268399641e+07,7.926528125000552214e-08
2.573096916484804451e+07,7.907935630301331541e-08
2.843711881489129364e+07,7.887611920644350797e-08
3.142787670807968825e+07,7.865485116702252327e-08
3.473317535463669151e+07,7.841566246831839902e-08
3.838609529436628520e+07,7.815806039252107316e-08
4.242319617781408876e+07,7.788149590390843365e-08
4.688488266753809899e+07,7.758611624994956403e-08
5.181580882155210525e+07,7.727123108066295589e-08
5.726532500614698231e+07,7.693684198015723933e-08
6.328797181094378978e+07,7.658239110213915628e-08
6.994402590944646299e+07,7.620791194614116019e-08
7.730010332824984193e+07,7.581302310494980021e-08
8.542982616262428463e+07,7.539761453828474020e-08
9.441455941119047999e+07,7.496148167207780545e-08
1.043442253041731417e+08,7.450449587887843364e-08
1.153182032753052562e+08,7.402652138050559764e-08
1.274463245846032649e+08,7.352759363153102433e-08
1.408499715465329885e+08,7.300759830189601411e-08
1.556632923650106788e+08,7.246656304526201219e-08
1.720345437337168157e+08,7.190465682383324805e-08
1.901275746389169991e+08,7.132188216687649255e-08
2.101234662151880860e+08,7.071847807185163293e-08
2.322223440662767887e+08,7.009471521710638148e-08
2.566453811894060075e+08,6.945067179001593225e-08
2.836370115489703417e+08,6.878701068122279585e-08
3.134673764538086057e+08,6.810417485361065584e-08
3.464350282222204208e+08,6.740245958043294788e-08
3.828699181939142346e+08,6.668238407173911579e-08
4.231366989939163327e+08,6.594491950282813552e-08
4.676383740986053348e+08,6.519070348623807142e-08
5.168203312299588323e+08,6.442042270094068755e-08
5.711747999455739260e+08,6.363512185929962802e-08
6.312457780375243425e+08,6.283588431623706126e-08
6.976344760451073647e+08,6.202360610563228790e-08
7.710053343719943762e+08,6.119969390659577818e-08
8.520926732291187048e+08,6.036508091985639041e-08
9.417080419581581354e+08,5.952143133871143154e-08
1.040748341290118217e+09,5.867016782100143993e-08
1.150204799829307318e+09,5.781267744070920680e-08
1.271172894602371693e+09,5.695066696648315902e-08
1.404863314960582495e+09,5.608584992928060572e-08
1.552614079565784216e+09,5.521999915375897642e-08
1.715903927730893612e+09,5.435483438189668195e-08
1.896367119139962196e+09,5.349216775905483501e-08
2.095809790068382263e+09,5.263417136929768119e-08
2.316228029801805973e+09,5.178268470664221229e-08
2.559827858168609619e+09,5.093957855679471502e-08
2.829047304127821922e+09,5.010704441576388621e-08
3.126580806382379532e+09,4.928714976290571541e-08
3.455406180227312565e+09,4.848156096960954243e-08
3.818814420526087761e+09,4.769240660011708418e-08
4.220442639093337059e+09,4.692138956362987319e-08
4.664310466132394791e+09,4.617044001492600809e-08
5.154860280045388222e+09,4.544125794462932976e-08
5.697001668249450684e+09,4.473561081641658316e-08
6.296160563977745056e+09,4.405473228302561073e-08
6.958333550842968941e+09,4.339993161418837383e-08
7.690147878661709785e+09,4.277240241114834657e-08
8.498927791198051453e+09,4.217312282361592306e-08
9.392767829656984329e+09,4.160271886686284366e-08
1.038061384557342339e+10,4.106164384794594558e-08
1.147235253390115547e+10,4.055012232230380033e-08
1.267891038237902832e+10,4.006830228106223649e-08
1.401236302749268532e+10,3.961597121827787872e-08
1.548605611150334549e+10,3.919253040814045794e-08
1.711473885012115669e+10,3.879707808569160182e-08
1.891471164761334610e+10,3.842846358494942951e-08
2.090398923672900009e+10,3.808556132317539897e-08
2.310248097619923401e+10,3.776688451256775991e-08
2.553219011029128647e+10,3.747096639460776944e-08
2.821743398467260742e+10,3.719654277814008339e-08
3.118508742257958984e+10,3.694156917690547051e-08
3.446485169708163452e+10,3.670406712050826463e-08
3.808955179140473938e+10,3.648200263269832343e-08
4.209546492239669800e+10,3.627391856116111238e-08
4.652268361510639191e+10,3.607758218569955899e-08
5.141551696225000763e+10,3.589131313810324687e-08
5.682293408450389862e+10,3.571365541255248305e-08
6.279905422992317200e+10,3.554295489257585206e-08
6.940368841756654358e+10,3.537798177482684093e-08
7.670293804627819824e+10,3.521792311183315457e-08
8.476985645970489502e+10,3.506215165645019503e-08
9.368518008871292114e+10,3.491032504543614494e-08
1.035381364887251892e+11,3.476216024424665724e-08
1.144273373590860901e+11,3.461810903894828655e-08
1.264617654820929718e+11,3.447891874246448088e-08
1.397618654593121338e+11,3.434613358061889839e-08
1.544607491616330566e+11,3.422225306189996828e-08
1.707055279576142578e+11,3.411095197154309907e-08
1.886587850535046387e+11,3.401238042852714579e-08
2.085002026806179199e+11,3.392625869419702717e-08
2.304283604154974365e+11,3.385244402619370003e-08
2.546627226310614319e+11,3.379094119823769079e-08
2.814458349698140259e+11,3.374149687212505768e-08
3.110457518221564941e+11,3.370387641216522836e-08
3.437587191048232422e+11,3.367794432321689448e-08
3.799121391895860596e+11,3.366350448936967572e-08
4.198678476562379150e+11,3.366022109000368210e-08
4.640257346646904297e+11,3.366771604016008486e-08
5.128277471901027222e+11,3.368564689921385710e-08
5.667623121767525635e+11,3.371353488303778040e-08
6.263692248790583496e+11,3.375089051218799226e-08
6.922450513139204102e+11,3.379724196940065606e-08
7.650490988939289551e+11,3.385214638900146710e-08
8.455100149975500488e+11,3.391504335708056947e-08
9.344330795169982910e+11,3.398549106845455310e-08
1.032708264370055176e+12,3.406298519798993847e-08
1.141319140638162109e+12,3.414700704710067015e-08
1.261352722476386475e+12,3.423707778789829381e-08
1.394010346316445068e+12,3.433263868024609591e-08
1.540619694245499023e+12,3.443325382632968121e-08
1.702648081894721436e+12,3.453851693516323837e-08
1.881717143827328857e+12,3.464796583033533289e-08
2.079619063402333740e+12,3.476106058121182208e-08
2.298334509547974609e+12,3.487737955888965672e-08
2.540052459962082520e+12,3.499605788384255678e-08
2.807192109136601074e+12,3.511612675773563902e-08
3.102427080469209473e+12,3.523634077909122474e-08
3.428712184784906250e+12,3.535543348109605648e-08
3.789312993075892578e+12,3.547191326524812622e-08
4.187838519433670410e+12,3.558440559521312544e-08
4.628277341275069336e+12,3.569126260030311812e-08
5.115037518365683594e+12,3.579100654156989858e-08
5.652990710163583984e+12,3.588209959867671148e-08
6.247520933024593750e+12,3.596297168941232149e-08
6.904578445247625000e+12,3.603208849430379416e-08
7.630739299259644531e+12,3.608808438808920705e-08
8.433271156958701172e+12,3.612943278484067561e-08
9.320206026916923828e+12,3.615488864606612776e-08
1.030042065142195508e+13,3.616323687867293002e-08
1.138372534789738086e+13,3.615339849527804528e-08
1.258096219385676367e+13,3.612446569214856471e-08
1.390411353805968750e+13,3.607561413916049307e-08
1.536642192388546289e+13,3.600618886731884237e-08
1.698252262515824805e+13,3.591583553991533011e-08
1.876859012088662891e+13,3.580416375250353751e-08
2.074249997488579688e+13,3.567105536241397511e-08
2.292400774042862891e+13,3.551640289848969021e-08
2.533494668046275000e+13,3.534005076044294639e-08
2.799944628224458594e+13,3.514199282867255724e-08
3.094417375335806641e+13,3.492173514460982386e-08
3.419860091609108203e+13,3.467967256067151418e-08
3.779529917133906250e+13,3.441801832886698386e-08
4.177026548413253125e+13,3.413823333022421438e-08
4.616328265336226562e+13,3.384151927976131258e-08
5.101831747140207031e+13,3.352893895547503062e-08
5.638396075854426562e+13,3.320153396967788689e-08
6.231391367626162500e+13,3.286040276969778058e-08
6.886752518648070312e+13,3.250677911702944710e-08
7.611038603594064062e+13,3.214155015571152224e-08
8.411498521043257812e+13,3.176589455265810850e-08
9.296143542893326562e+13,3.138094766628359522e-08
1.027382749386241875e+14,3.098761772119227284e-08
1.135433536354275312e+14,3.058697412115461597e-08
1.254848123786533125e+14,3.017994252264963400e-08
1.386821653010668906e+14,2.976741062873708794e-08
1.532674959464987812e+14,2.935018226042847191e-08
1.693867792063475625e+14,2.892903515083128769e-08
1.872013422853560938e+14,2.850458900315728635e-08
2.068894793185004688e+14,2.807778297264187012e-08
2.286482357986202188e+14,2.764907685447892871e-08
2.526953806739377500e+14,2.721906042875307253e-08
2.792715858528914062e+14,2.678831032520934432e-08
3.086428349294825000e+14,2.635736828825670112e-08
3.411030852364860000e+14,2.592665555647665516e-08
3.769772098692436875e+14,2.549666000703587993e-08
4.166242491247872500e+14,2.506791702412201923e-08
4.604410038978190000e+14,2.464068865258280489e-08
5.088660069974262500e+14,2.421545602938155980e-08
5.623839121308333750e+14,2.379257390919457063e-08
6.215303444806082500e+14,2.337230150527863746e-08
6.868972614215060000e+14,2.295497036912976172e-08
7.591388770288550000e+14,2.254101265951018951e-08
8.389782096728968750e+14,2.213070224356982547e-08
9.272143182296567500e+14,2.172435062370872592e-08
1.024730299330757000e+15,2.132216808906824532e-08
1.132502125691303250e+15,2.092439977736855783e-08
1.251608413972882000e+15,2.053067598249988535e-08
1.383241219941617250e+15,2.014209665125005967e-08
1.528717968962952500e+15,1.975935305813962200e-08
1.689494641237527750e+15,1.938215834957933677e-08
1.867180343740362000e+15,1.901134631701199187e-08
2.063553414704342000e+15,1.864719009156674562e-08
2.280579221826938500e+15,1.828987049421721383e-08
2.520429832330718500e+15,1.793918967430463213e-08
2.785505751742195000e+15,1.759688532251243192e-08
3.078459948957911500e+15,1.726213981980092465e-08
3.402224408048930500e+15,1.693668690908132396e-08
3.760039472542819000e+15,1.662027546823074825e-08
4.155486275870812500e+15,1.631406887386089428e-08
4.592522582554907000e+15,1.601895566618877093e-08
5.075522398845358000e+15,1.573523662599420130e-08
5.609319749245425000e+15,1.546344721450705174e-08
6.199257057053437000e+15,1.520611483841995287e-08
6.851238613130669000e+15,1.496275584253233136e-08
7.571789668028959000e+15,1.473676872698198036e-08
8.368121738891279000e+15,1.452963391596466772e-08
9.248204784739242000e+15,1.434089514168085896e-08
1.022084697250188000e+16,1.417213709324254996e-08
1.129578283211058000e+16,1.402288899241395002e-08
1.248377068294680800e+16,1.389488322342371893e-08
1.379670030671819800e+16,1.379257297172110960e-08
1.524771194439028800e+16,1.371822753895594576e-08
1.685132780813485600e+16,1.367507057074896393e-08
1.862359742451004800e+16,1.366511276140674023e-08
2.058225826351706800e+16,1.368680971611792952e-08
2.274691326116127600e+16,1.373804459057474972e-08
2.513922701222467600e+16,1.383210055316234705e-08
2.778314259681250800e+16,1.397779391168601559e-08
3.070512121074584000e+16,1.417438226665908037e-08
3.393440699810407600e+16,1.442587129171370161e-08
3.750331973644741600e+16,1.473685751179990261e-08
4.144757830401405600e+16,1.511150658799927175e-08
4.580665816625957600e+16,1.555612178669909746e-08
5.062418645958233600e+16,1.607542862298480580e-08
5.594837862636947200e+16,1.667487161953912527e-08
6.183252097134878400e+16,1.736289185332457533e-08
6.833550396883711200e+16,1.815821725893546981e-08
7.552241165840188800e+16,1.906969441945132736e-08
8.346517302780283200e+16,2.010164449883612489e-08
9.224328190247977600e+16,2.126201007636507455e-08
1.019445925464744800e+17,2.255731118663582322e-08
1.126661989374347680e+17,2.399890125050125605e-08
1.245154065157785280e+17,2.559794914923594798e-08
1.376108061336051360e+17,2.735974411370759140e-08
1.520834609518065600e+17,2.927779340521496299e-08
1.680782181642302080e+17,3.137673418138463280e-08
1.857551586770808960e+17,3.366017773471621813e-08
2.052911992524374080e+17,3.613604976271054523e-08
2.268818631506664640e+17,3.881108784861152602e-08
2.507432369929358400e+17,4.168989529447050883e-08
2.771141334287429440e+17,4.477405544634427173e-08
3.062584812531807360e+17,4.805075830749320284e-08
3.384679668950317440e+17,5.153222486181375796e-08
3.740649537125793280e+17,5.521358146413056134e-08
4.134057083144565760e+17,5.907906649649550591e-08
4.568839661956019840e+17,6.311925633281458403e-08
5.049348723744355200e+17,6.734617550634337782e-08
5.580393364704657280e+17,7.171867314006306546e-08
6.167288458093884160e+17,7.618794352331728234e-08
6.815907847268974080e+17,8.075860487246285650e-08
7.532743133085273600e+17,8.547533760677188729e-08
8.324968644019864320e+17,9.022004843419002708e-08
9.200513239262424320e+17,9.494234837902049205e-08
1.016813966340278400e+18,9.964351277878846095e-08
1.123753224692427776e+18,1.042400363479523440e-07
1.241939383023801600e+18,1.086114714375987076e-07
1.372555288130715392e+18,1.127771394230161478e-07
1.516908187893009920e+18,1.166055204483261857e-07
1.676442814650181120e+18,1.200280819873759012e-07
1.852755844568265984e+18,1.230018634772866656e-07
2.047611877711535360e+18,1.254214550410176810e-07
2.262961098753053696e+18,1.272187650825947290e-07
2.500958795078391808e+18,1.282939597427314086e-07
2.763986927626145792e+18,1.286446505513186038e-07
3.054677970353680384e+18,1.283649106889522631e-07
3.375941256921237504e+18,1.273361529259425813e-07
3.730992098281092608e+18,1.257043654903693686e-07
4.123383962590307840e+18,1.235355341698476080e-07
4.557044039514321920e+18,1.205728979912007878e-07
5.036312544861208576e+18,1.167351997864969319e-07
5.565986158920171520e+18,1.121423425575450602e-07
6.151366033250140160e+18,1.069074849146608397e-07
6.798310846386420736e+18,1.013623069238142766e-07
7.513295439464498176e+18,9.521844850421497994e-08
8.303475618606568448e+18,8.871939103676192220e-08
9.176759772634189824e+18,8.204282736829945124e-08
1.014188802288177766e+19,7.512644429370019398e-08
1.120851969726868275e+19,6.834089005836630175e-08
1.238733000409938534e+19,6.161638050443567779e-08
1.369011687313655603e+19,5.500777949389819913e-08
1.512991903324726067e+19,4.861912703733807018e-08
1.672114650838405325e+19,4.250176231958847832e-08
1.847972483794823987e+19,3.669968254804422901e-08
2.042325446494056448e+19,3.133085452130144202e-08
2.257118688711096320e+19,2.641762266965697287e-08
2.494501933408547635e+19,2.195848245889334592e-08
2.756850991886596506e+19,1.805185845856332160e-08
3.046791541701074534e+19,1.466000060960849735e-08
3.367225405326887731e+19,1.173979329859592695e-08
3.721359592572765798e+19,9.247274685823545300e-09
4.112738397413267866e+19,7.181923760573332685e-09
4.545278870474178560e+19,5.484449740028451806e-09
5.023310022191797862e+19,4.098198959792116373e-09
5.551616149004298650e+19,3.011953619356899873e-09
6.135484716198681805e+19,2.169077510167245158e-09
6.780759276640410010e+19,1.526331235774272757e-09
7.493897955014631424e+19,1.051544347709613203e-09
8.282038082908751462e+19,7.098619064041338936e-10
9.153067631625720627e+19,4.671046395217381910e-10
1.011570415765230551e+20,2.986270742439509023e-10
1.117958205089425981e+20,1.853146119274750827e-10
1.235534895888881582e+20,1.115543572701987474e-10
1.365477235204016701e+20,6.489203896825125961e-11
1.509085729641817047e+20,3.633667845162210858e-11
1.667797661283107799e+20,1.961840736097136730e-11
1.843201472484672799e+20,1.012772282913482183e-11
2.037052663544267080e+20,5.027899801429999287e-12
2.251291362337664860e+20,2.393418359893180667e-12
2.488061741770486579e+20,1.091946702926535442e-12
2.749733479381387837e+20,4.760775052480056917e-13
3.038925473871277588e+20,1.988385842718033162e-13
3.358532055921784914e+20,7.748239479589729174e-14
3.711751955629576028e+20,2.841701633167510146e-14
4.102120316472210883e+20,9.751269759897696999e-15
4.533544076212365558e+20,3.117297631773927317e-15
5.010341068844040847e+20,9.247718685953803989e-16
5.537283238926479524e+20,2.549307527666870464e-16
6.119644400809280799e+20,6.530480781369463689e-17
6.763253020738874245e+20,1.557219689110627327e-17
7.474550550107889336e+20,3.463173490284273561e-18
8.260655893665584251e+20,7.160456432561212021e-19
9.129436657909385134e+20,1.363436445254313360e-19
1.008958789273520177e+21,2.362022883756663541e-20
1.115071911441907843e+21,3.651647167499793123e-21
1.232345048088622399e+21,4.939827392106706322e-22
1.361951908182082716e+21,5.715214821956992163e-23
1.505189640740469211e+21,5.551767373552966848e-24
1.663491817135100920e+21,4.433209911613810605e-25
1.838442778754522808e+21,2.844849371042200860e-26
2.031793493625684099e+21,1.430917050152137176e-27
2.245479080690427888e+21,5.485140148097402503e-29
2.481638177126304711e+21,1.552066073582626518e-30
2.742634342546239652e+21,3.126003335977349421e-32
3.031079714297631736e+21,4.300804805872457356e-34
3.349861150610790285e+21,3.859809010815595388e-36
3.702169123246477148e+21,2.147136985103257401e-38
4.091529648809631023e+21,7.000128542537535175e-41
4.521839578308646273e+21,1.258304879780775762e-43
4.997405598150172869e+21,1.166946019026554107e-46
5.522987332904015626e+21,5.193766694611047350e-50
6.103844981225711206e+21,1.025089660698492386e-53
6.745791961692663448e+21,8.227537094037692588e-58
7.455253095451164934e+21,2.441418176792562028e-62
8.239328907986087182e+21,2.411534247554166721e-67
9.105866693566220206e+21,7.061783649818939921e-73
1.006353905360305547e+22,5.394346829256303429e-79
1.112193069496064069e+22,9.331922287435197437e-86
1.229163435692330582e+22,3.127258447849657299e-93
1.358435682689111976e+22,0.000000000000000000e+00
1.501303610584247514e+22,0.000000000000000000e+00
1.659197089619679327e+22,0.000000000000000000e+00
1.833696370803426407e+22,0.000000000000000000e+00
2.026547901592794196e+22,0.000000000000000000e+00
2.239681804927588788e+22,0.000000000000000000e+00
2.475231196549150776e+22,0.000000000000000000e+00
2.735553533939712157e+22,0.000000000000000000e+00
3.023254210549238465e+22,0.000000000000000000e+00
3.341212631448750024e+22,0.000000000000000000e+00
3.692611031384170745e+22,0.000000000000000000e+00
4.080966323651113858e+22,0.000000000000000000e+00
4.510165298545308153e+22,0.000000000000000000e+00
4.984503523666253211e+22,0.000000000000000000e+00
5.508728335401502324e+22,0.000000000000000000e+00
6.088086351865021098e+22,0.000000000000000000e+00
6.728375982814494143e+22,0.000000000000000000e+00
7.436005462085243345e+22,0.000000000000000000e+00
8.218056983348290100e+22,0.000000000000000000e+00
9.082357581084966781e+22,0.000000000000000000e+00
1.003755746617900516e+23,0.000000000000000000e+00
1.109321660013413967e+23,0.000000000000000000e+00
1.225990037438227777e+23,0.000000000000000000e+00
1.354928535227205555e+23,0.000000000000000000e+00
1.497427613203934699e+23,0.000000000000000000e+00
1.654913450036420747e+23,0.000000000000000000e+00
1.828962216912491307e+23,0.000000000000000000e+00
2.021315852390852261e+23,0.000000000000000000e+00
2.233899496307661755e+23,0.000000000000000000e+00
2.468840757223050980e+23,0.000000000000000000e+00
2.728491006242780569e+23,0.000000000000000000e+00
3.015448910330485738e+23,0.000000000000000000e+00
3.332586440640158792e+23,0.000000000000000000e+00
3.683077616168744591e+23,0.000000000000000000e+00
4.070430270405055831e+23,0.000000000000000000e+00
4.498521158906468882e+23,0.000000000000000000e+00
4.971634759171395719e+23,0.000000000000000000e+00
