# E[eV], EF_E [erg/cm^3s]
4.627468430332138087e+04,0.000000000000000000e+00
5.114143533516243770e+04,0.000000000000000000e+00
5.652002704106782039e+04,3.186413779050034413e-21
6.246429017463743367e+04,3.891894659110609618e-21
6.903371691924768675e+04,4.753570980093080032e-21
7.629405630581929290e+04,5.806024853312106125e-21
8.431797225121743395e+04,7.091494968367829957e-21
9.318577080315491185e+04,8.661571781905981317e-21
1.029862038701097335e+05,1.057926802626829312e-20
1.138173574802549701e+05,1.292154763503986851e-20
1.257876334593975189e+05,1.578241458045951875e-20
1.390168343528853438e+05,1.927668558899256068e-20
1.536373624497484998e+05,2.354459814794246731e-20
1.697955449093098287e+05,2.875743873933249041e-20
1.876530982525767176e+05,3.512441718285170440e-20
2.073887468755398295e+05,4.290106298074642244e-20
2.292000117829983938e+05,5.239948064129264439e-20
2.533051874451655021e+05,6.400087556546762084e-20
2.799455265620980063e+05,7.817085320797852781e-20
3.093876546018042136e+05,9.547810552621090068e-20
3.419262382775472943e+05,1.166172346760030926e-19
3.778869346713494742e+05,1.424366299575169302e-19
4.176296505195274367e+05,1.739725168220289749e-19
4.615521442802785896e+05,2.124905444608271396e-19
5.100940070340191596e+05,2.595365810523958231e-19
5.637410620586725418e+05,3.169987552868327945e-19
6.230302271123235114e+05,3.871832341485515867e-19
6.885548880866055842e+05,4.729067782355178062e-19
7.609708378121498972e+05,5.776097892521084406e-19
8.410028394536480773e+05,7.054943867590415244e-19
9.294518801832143217e+05,8.616930558075260662e-19
1.027203187729219440e+06,1.052474634044447288e-18
1.135235090032932814e+06,1.285495905497284314e-18
1.254628806683388771e+06,1.570108898681570217e-18
1.386579270126434509e+06,1.917736222388966437e-18
1.532407084950292250e+06,2.342329503247132228e-18
1.693571744940140983e+06,2.860929324499937895e-18
1.871686240182471462e+06,3.494349139315821749e-18
2.068533200412022416e+06,4.268010607814197901e-18
2.286082736169311218e+06,5.212963884636425556e-18
2.526512156329125632e+06,6.367133807238856628e-18
2.792227759339542594e+06,7.776842002132127330e-18
3.085888916265589651e+06,9.498666001005814408e-18
3.410434686668712646e+06,1.160170998562978021e-17
3.769113233702692203e+06,1.417037830264092234e-17
4.165514332822276279e+06,1.730776307009139540e-17
4.603605299462462775e+06,2.113978184713196855e-17
5.087770695264853537e+06,2.582023144605435093e-17
5.622856210244232789e+06,3.153696074091643742e-17
6.214217160082971677e+06,3.851941024567025231e-17
6.867772083930340596e+06,4.704782110069554991e-17
7.590061979131595232e+06,5.746448312303237859e-17
8.388315765727943741e+06,7.018747343354998753e-17
9.270522635917978361e+06,8.572743716112219986e-17
1.024551201257853955e+07,1.047080838552487539e-16
1.132304191709649749e+07,1.278912224197995146e-16
1.251389663092657365e+07,1.562073396039799077e-16
1.382999462830489315e+07,1.907929496723392534e-16
1.528450786034498923e+07,2.330362147661267795e-16
1.689199358435191587e+07,2.846326675879561818e-16
1.866854005774615332e+07,3.476532737365109135e-16
2.063192755475132912e+07,4.246275665925763117e-16
2.280180631735477224e+07,5.186451930315984097e-16
2.519989322153408825e+07,6.334799477481536519e-16
2.785018912705110386e+07,7.737412773583457195e-16
3.077921908612347767e+07,9.450593390274671685e-16
3.401629781506259739e+07,1.154311046542277723e-15
3.759382308580736816e+07,1.409896183751017818e-15
4.154759997371523082e+07,1.722074677409319198e-15
4.591719920679059625e+07,2.103378579690891296e-15
5.074635320283114165e+07,2.569115313928657352e-15
5.608339375816401094e+07,3.137982406510561864e-15
6.198173576850815117e+07,3.832818411108811172e-15
6.850041182320436835e+07,4.681520209274657737e-15
7.570466302321070433e+07,5.718163564763175241e-15
8.366659193596929312e+07,6.984371987770870744e-15
9.246588422213579714e+07,8.530988959655611330e-15
1.021906061564543098e+08,1.042012078221780203e-14
1.129380860246356130e+08,1.272763224166977092e-14
1.248158882175529748e+08,1.554619551933883446e-14
1.379428897718203366e+08,1.898901507673359872e-14
1.524504701311306357e+08,2.319437849413623981e-14
1.684838260358857214e+08,2.833121655290506659e-14
1.862034247009775639e+08,3.460589657194561730e-14
2.057866098256090283e+08,4.227052278936289849e-14
2.274293765086433589e+08,5.163307844078393637e-14
2.513483328334296644e+08,6.306981859683102982e-14
2.777828677543048263e+08,7.704041380602311115e-14
3.069975469817113876e+08,9.410645584301470761e-14
3.392847608447496891e+08,1.149540729076714394e-13
3.749676506318683624e+08,1.404215679886641237e-13
4.144033426974908710e+08,1.715331975587034037e-13
4.579865227026030421e+08,2.095404565740495899e-13
5.061533857615095377e+08,2.559725400097924179e-13
5.593860020291447639e+08,3.126980232105380184e-13
6.182171414212162495e+08,3.820002582274955999e-13
6.832356057545877695e+08,4.666695393999446112e-13
7.550921216737687588e+08,5.701157710675506348e-13
8.345058533418880701e+08,6.965062006329200481e-13
9.222716000773558617e+08,8.509337941809772136e-13
1.019267750972588181e+09,1.039623069364756876e-12
1.126465076107275724e+09,1.270181709343855139e-12
1.244936442341632605e+09,1.551908119897156654e-12
1.375867550928532600e+09,1.896167328275448280e-12
1.520568804410178423e+09,2.316850338489438836e-12
1.680488421567187071e+09,2.830935349281475895e-12
1.857226931678904533e+09,3.459173218942123332e-12
2.052553193158393145e+09,4.226924351761605124e-12
2.268422096881963730e+09,5.165179924737801080e-12
2.506994131394124508e+09,6.311807220965979856e-12
2.770657005803105831e+09,7.713066940941271903e-12
3.062049546776143551e+09,9.425459865512886665e-12
3.384088108803711414e+09,1.151797124810924885e-11
3.739995762055480480e+09,1.407479384581400672e-11
4.133334549949884892e+09,1.719862444620141721e-11
4.568041139281908989e+09,2.101464376218307548e-11
5.048466219707514763e+09,2.567530492652687714e-11
5.579418046908048630e+09,3.136607021332391872e-11
6.166210565229206085e+09,3.831224685724869786e-11
6.814716591422118187e+09,4.678707745003967109e-11
7.531426591767330170e+09,5.712123302632774350e-11
8.323513640842845917e+09,6.971382967008029064e-11
9.198905212065464020e+09,8.504503082308699260e-11
1.016636251850925064e+10,1.036901914277015485e-10
1.123556819807071877e+10,1.263353249500153975e-10
1.241722322056337166e+10,1.537934023502690671e-10
1.372315398662026596e+10,1.870205897734855417e-10
1.516643069028660583e+10,2.271309637479585157e-10
1.676149812991472626e+10,2.754074814552506587e-10
1.852432027656110764e+10,3.333060313938848480e-10
2.047254004677437210e+10,4.024483234220484203e-10
2.262565587883409882e+10,4.845984356461877240e-10
2.500521687967475510e+10,5.281492713804084527e-10
2.763503849559082794e+10,5.757796084239200159e-10
3.054144086522798157e+10,6.265598188140120950e-10
3.375351224037710953e+10,6.787773345681371969e-10
3.730340011097518158e+10,7.297411031756816611e-10
4.122663294798965454e+10,7.757090985847501425e-10
4.556247578429747772e+10,8.121662946843658036e-10
5.035432319233151245e+10,8.349072408203055771e-10
5.565013359154688263e+10,8.427920212319645938e-10
6.150290923240230560e+10,8.506952943058392306e-10
6.797122666069728088e+10,8.587109328402545335e-10
7.511982297133073425e+10,8.669414859442669989e-10
8.302024371890573120e+10,8.754999778921918460e-10
9.175155896968705750e+10,8.845116986351290382e-10
1.014011546614009857e+11,8.941158300810620914e-10
1.120656071910712585e+11,9.044666688832365179e-10
1.238516499840610962e+11,9.157340934705154849e-10
1.368772417180685883e+11,9.281027771340758180e-10
1.512727468932202148e+11,9.417694732695979056e-10
1.671822405638052368e+11,9.569375116540850278e-10
1.847649502898444214e+11,9.738074955817483477e-10
2.041968497400286865e+11,9.925631906665444915e-10
2.256724198953426208e+11,1.007467010550935121e-09
2.494065954800888672e+11,1.022156072993605703e-09
2.756369161008515015e+11,1.036303631734866855e-09
3.046259036227183228e+11,1.049412268076154682e-09
3.366636895763433228e+11,1.061302922322326554e-09
3.720709188918222656e+11,1.071981308985822903e-09
4.112019590209249878e+11,1.081656621826264042e-09
4.544484465656605835e+11,1.090772968829781119e-09
5.022432069090229492e+11,1.099752087359406485e-09
5.550645860769022217e+11,1.108713568308374465e-09
6.134412381858894043e+11,1.117740995868786035e-09
6.779574163913614502e+11,1.126882135942865997e-09
7.492588202894351807e+11,1.136156585436961592e-09
8.280590582955516357e+11,1.145568802160986846e-09
9.151467896773508301e+11,1.155118254401539604e-09
1.011393617721699585e+12,1.164805699735562256e-09
1.117762813033341309e+12,1.174631786599445424e-09
1.235318954270876465e+12,1.184597157929602070e-09
1.365238582807793701e+12,1.194702338985443645e-09
1.508821977953984619e+12,1.204947628951161091e-09
1.667506170588119873e+12,1.215333454586485138e-09
1.842879325445680420e+12,1.225860524964957843e-09
2.036696636005433105e+12,1.236529576026075300e-09
2.250897891055707520e+12,1.247342021610901423e-09
2.487626888752574219e+12,1.258298909837852118e-09
2.749252892472351074e+12,1.269400374438458614e-09
3.038394343195797363e+12,1.280647710900588189e-09
3.357945065745552734e+12,1.292042163380065871e-09
3.711103231157604492e+12,1.303586327379820243e-09
4.101403365051951172e+12,1.315280424606226421e-09
4.532751722353018555e+12,1.327126616241328090e-09
5.009465382401855469e+12,1.339126797630255469e-09
5.536315455737237305e+12,1.351283461619529081e-09
6.118574834973517578e+12,1.363600172038014064e-09
6.762070967682234375e+12,1.376080070868993321e-09
7.473244179446062500e+12,1.388726863858279425e-09
8.259212130801891602e+12,1.401545523919679791e-09
9.127841053179857422e+12,1.414542784737875414e-09
1.008782447679136523e+13,1.427723908080934933e-09
1.114877023840150000e+13,1.441097413596258867e-09
1.232129663978864844e+13,1.454676238271903881e-09
1.361713871927760742e+13,1.468462321584059051e-09
1.504926569994749219e+13,1.482470207299885875e-09
1.663201078997531445e+13,1.496709919573455993e-09
1.838121463420108984e+13,1.511195883404209040e-09
2.031438385262555859e+13,1.525949683833629254e-09
2.245086625254729297e+13,1.540987823436073397e-09
2.481204446792128125e+13,1.556321158720591946e-09
2.742154996394634375e+13,1.571978585632101013e-09
3.030549954871181250e+13,1.587981553319892085e-09
3.349275675899097656e+13,1.604358833526509995e-09
3.701522073621839844e+13,1.621129860511300563e-09
4.090814548381925781e+13,1.638338434579732597e-09
4.521049270112467188e+13,1.656007532021353667e-09
4.996532172515428906e+13,1.674182489121948845e-09
5.522022048293390625e+13,1.692902106991454887e-09
6.102778176746372656e+13,1.712210941951115242e-09
6.744612960406818750e+13,1.732167191652947904e-09
7.453950097517712500e+13,1.752844394388199593e-09
8.237888872563710938e+13,1.774283027164325032e-09
9.104275208296403125e+13,1.796557373719799489e-09
1.006178019036629062e+14,1.819728624565934345e-09
1.111998685046248281e+14,1.843908225211869645e-09
1.228948607651474688e+14,1.869179071072261143e-09
1.358198260985968906e+14,1.895685697126191714e-09
1.501041219022610625e+14,1.923475204374069227e-09
1.658907102096610000e+14,1.952781920727324841e-09
1.833375885026322188e+14,1.983703317049315635e-09
2.026193710032292812e+14,2.016429391398706795e-09
2.239290362715490938e+14,2.051167760819032894e-09
2.474798586000228125e+14,2.088098711186817752e-09
2.735075425342190625e+14,2.127473647319438322e-09
3.022725818831570000e+14,2.169552555887966525e-09
3.340628668289048750e+14,2.214536801059823815e-09
3.691965652282835000e+14,2.262764606831112238e-09
4.080253069437175625e+14,2.314583211340895045e-09
4.509377030730870625e+14,2.370358198925826893e-09
4.983632353002071250e+14,2.430849109827195872e-09
5.507765542918797500e+14,2.496030676785916775e-09
6.087022301612983750e+14,2.566634342310115020e-09
6.727200025420571250e+14,2.642932488483243392e-09
7.434705828172570000e+14,2.725316193016175178e-09
8.216620665743845000e+14,2.814642010916297093e-09
9.080770204639461250e+14,2.911398546309255816e-09
1.003580314389537625e+15,3.016302809602418040e-09
1.109127777416533750e+15,3.129986320972010435e-09
1.225775764030632750e+15,3.253241672750007050e-09
1.354691726488612500e+15,3.386801436345178288e-09
1.497165899072903750e+15,3.531927196004709121e-09
1.654624211189952250e+15,3.689722765941252713e-09
1.828642558550996750e+15,3.861433751911625903e-09
2.020962575266005500e+15,4.047817711844340335e-09
2.233509064703255250e+15,4.249858457434558277e-09
2.468409263568377000e+15,4.469919850926662069e-09
2.728014132004295500e+15,4.709518638161480482e-09
3.014921882790532500e+15,4.969926093270611525e-09
3.332003985129972000e+15,5.253084783913152437e-09
3.682433903277806500e+15,5.560848066271717655e-09
4.069718857638422000e+15,5.895042031752629134e-09
4.497734926206029500e+15,6.257921369246170392e-09
4.970765837656030000e+15,6.652150224009138643e-09
5.493545844341379000e+15,7.080197234179018074e-09
6.071307104281417000e+15,7.545516864726429667e-09
6.709832046357894000e+15,8.052203328485494869e-09
7.415511242806751000e+15,8.602118899594153477e-09
8.195407368213036000e+15,9.197923770899666511e-09
9.057325885131926000e+15,9.846153389244349382e-09
1.000989316378157600e+16,1.054760368752693919e-08
1.106264281765562800e+16,1.130877284221162645e-08
1.222611111913143600e+16,1.213307225467223131e-08
1.351194245002539000e+16,1.302340550475917747e-08
1.493300584247987200e+16,1.398477651653077181e-08
1.650352377656248600e+16,1.502130240785163783e-08
1.823921452362683600e+16,1.613842291612744391e-08
2.015744946005534400e+16,1.734176435673611971e-08
2.227742692583286400e+16,1.863499453633095803e-08
2.462036436798584800e+16,2.002472246879711100e-08
2.720971069192387600e+16,2.151889428160331463e-08
3.007138094596626400e+16,2.312196598986239794e-08
3.323401568785605600e+16,2.484021991856218610e-08
3.672926762908840800e+16,2.667780077272122627e-08
4.059211842588578400e+16,2.864209757044608806e-08
4.486122878737159200e+16,3.074906918269669364e-08
4.957932540494112000e+16,3.299096217697782840e-08
5.479362857535004000e+16,3.536923259060944397e-08
6.055632479731572800e+16,3.788816349419682412e-08
6.692508907153650400e+16,4.055325457876982492e-08
7.396366213148446400e+16,4.336841707187135326e-08
8.174248838208966400e+16,4.633657959559645266e-08
9.033942093102196800e+16,4.945546864358239513e-08
9.984050076876006400e+16,5.271252092763127161e-08
1.103408178957429440e+17,5.611667618166028567e-08
1.219454630150560160e+17,5.966049828373765353e-08
1.347705793155093440e+17,6.333518060186572805e-08
1.489445248717082880e+17,6.712357703623359478e-08
1.646091572948072320e+17,7.101925907253579420e-08
1.819212534911607040e+17,7.499911746145089348e-08
2.010540787382986560e+17,7.903962616665413430e-08
2.221991207820590080e+17,8.311972546136991366e-08
2.455680063103096960e+17,8.720719010833278325e-08
2.713946189839718720e+17,9.127732899049043357e-08
2.999374402233066240e+17,9.529304389432941632e-08
3.314821361768513280e+17,9.921016402471176171e-08
3.663444167642475520e+17,1.029852504209373632e-07
4.048731954072309120e+17,1.065877161352404469e-07
4.474540810724312320e+17,1.099813063240719689e-07
4.945132375755128960e+17,1.131024121856367613e-07
5.465216487718912640e+17,1.159075575998600933e-07
6.039998323214485760e+17,1.183582451035417133e-07
6.675230492042311680e+17,1.204637124858887506e-07
7.377270611256968960e+17,1.221439148213137091e-07
8.153144934335340800e+17,1.233709924168982057e-07
9.010618672283216640e+17,1.241241105988565377e-07
9.958273710476830720e+17,1.243484399621115586e-07
1.100559449905624064e+18,1.240127989275727262e-07
1.216306297649029888e+18,1.231018030805528460e-07
1.344226347633967616e+18,1.216425676458060468e-07
1.485599866716108800e+18,1.195842687184485152e-07
1.641841768591704064e+18,1.169595537167616519e-07
1.814515774729434624e+18,1.137813919385417882e-07
2.005350064620477184e+18,1.100887324499982651e-07
2.216254571979667456e+18,1.059044693424025874e-07
2.449340100004123136e+18,1.012751466790701243e-07
2.706939447001059840e+18,9.623226837918121121e-08
2.991630753817340928e+18,9.082759773530587865e-08
3.306263306739656704e+18,8.512714807339474254e-08
3.653986054109285888e+18,7.922234818868747936e-08
4.038279122055577600e+18,7.315498623682082778e-08
4.462988644767889920e+18,6.701606338313576565e-08
4.932365257899308032e+18,6.088002072035597340e-08
5.451106640357015552e+18,5.480832101682959497e-08
6.024404530251608064e+18,4.883937115924922240e-08
6.657996685557269504e+18,4.308160506466206314e-08
7.358224309521956864e+18,3.759669944240040062e-08
8.132095515560911872e+18,3.242895937284468855e-08
8.987355466811322368e+18,2.762643292444723305e-08
9.932563892328075264e+18,2.323395096053586386e-08
1.097718075572922368e+19,1.927005944415555845e-08
1.213166093369161523e+19,1.576151581330002229e-08
1.340755885187040256e+19,1.269225666209222947e-08
1.481764412547491226e+19,1.005657841263833866e-08
1.637602936186935296e+19,7.839590046497269192e-09
1.809831140429088154e+19,6.004012726119853524e-09
2.000172743029914419e+19,4.510904930408757550e-09
2.210532746724252058e+19,3.325158973148332011e-09
2.443016505133527859e+19,2.400650277306646969e-09
2.699950793852384870e+19,1.695956276389929011e-09
2.983907097600908083e+19,1.170432094150109336e-09
3.297727346508041011e+19,7.873188570620233280e-10
3.644552359103453594e+19,5.157093074627781516e-10
4.027853276685136691e+19,3.289453199488655283e-10
4.451466303668124877e+19,2.038950017608253128e-10
4.919631101607700890e+19,1.225284815841261632e-10
5.437033221157298995e+19,7.113892573503405508e-11
6.008850996634195558e+19,3.995343841620048995e-11
6.640807372529993318e+19,2.164783527833671984e-11
7.339227180662512026e+19,1.130586277806891241e-11
8.111100441218516582e+19,5.683049422581362839e-12
8.964152321225274163e+19,2.744672734711296094e-12
9.906920450618461389e+19,1.270863865673463988e-12
1.094884036971243110e+20,5.640038296539933886e-13
1.210033996325881610e+20,2.401357176147601688e-13
1.337294382622216684e+20,9.753055469388402441e-14
1.477938860580003512e+20,3.770369426784322149e-14
1.633375047406875771e+20,1.384460760049759413e-14
1.805158600704513802e+20,4.820111528180859009e-15
1.995008788012762071e+20,1.590211048893839978e-15
2.204825693817044337e+20,4.965468128735864150e-16
2.436709236232562934e+20,1.458859536399684275e-16
2.692980183690545725e+20,3.988517894013132181e-17
2.976203381968811459e+20,1.007596421032119346e-17
3.289213424030323180e+20,2.333129651180379371e-18
3.635143019582329324e+20,4.909188268782524314e-19
4.017454348288089784e+20,9.310630184023968124e-20
4.439973710424541757e+20,1.577617701796955927e-20
4.906929821781637202e+20,2.376995792070321445e-21
5.422996136071194214e+20,3.176346687427966462e-22
5.993337618422478930e+20,3.773506974193890157e-23
6.623662438089295135e+20,4.004402389961112666e-24
7.320279097726313431e+20,3.834256354064489915e-25
8.090159571004175155e+20,3.352294168851426735e-26
8.941009080465183212e+20,2.691763463818413698e-27
9.881343213980389212e+20,1.965430255895473293e-28
1.092057315161529123e+21,1.270472858220952675e-29
1.206909985588291305e+21,7.014396851943610277e-31
1.333841816807280738e+21,3.177319589590053176e-32
1.474123185248594297e+21,1.137756469768371059e-33
1.629158073997783466e+21,3.109920107478691678e-35
1.800498124330486727e+21,6.261087978956267943e-37
1.989858165059801317e+21,8.935970224871377403e-39
2.199133375119467479e+21,8.668194981265436085e-41
2.430418251151582953e+21,5.454523206460512433e-43
2.686027569932998803e+21,2.115114475542049535e-45
2.968519555439357592e+21,4.778641897300739805e-48
3.280721482410421125e+21,5.918142658058627687e-51
3.625757972666029441e+21,3.760205412097384804e-54
4.007082267371420778e+21,1.140459394358613841e-57
4.428510788235510678e+21,1.526175429113242215e-61
4.894261333542157943e+21,8.266230397175690716e-66
5.408995291292917301e+21,1.648036889559335243e-70
5.977864291945057092e+21,1.089272100506456342e-75
6.606561767660558746e+21,2.126377351529238874e-81
7.301379934088877572e+21,1.079045893084615665e-87
8.069272764976128328e+21,1.223013414517014687e-94
8.917925589871469003e+21,0.000000000000000000e+00
9.855832011488574308e+21,0.000000000000000000e+00
1.089237891253620284e+22,0.000000000000000000e+00
1.203794040279543264e+22,0.000000000000000000e+00
1.330398164669737782e+22,0.000000000000000000e+00
1.470317361054207915e+22,0.000000000000000000e+00
1.624951987778844466e+22,0.000000000000000000e+00
1.795849680162396517e+22,0.000000000000000000e+00
1.984720839750930190e+22,0.000000000000000000e+00
2.193455752591408366e+22,0.000000000000000000e+00
2.424143507849752871e+22,0.000000000000000000e+00
2.679092906117435700e+22,0.000000000000000000e+00
2.960855566663765354e+22,0.000000000000000000e+00
3.272251464899178686e+22,0.000000000000000000e+00
3.616397155637012935e+22,0.000000000000000000e+00
3.996736964621509643e+22,0.000000000000000000e+00
4.417077460497637520e+22,0.000000000000000000e+00
4.881625552229431352e+22,0.000000000000000000e+00
5.395030593258929730e+22,0.000000000000000000e+00
5.962430913798185209e+22,0.000000000000000000e+00
6.589505246964948035e+22,0.000000000000000000e+00
7.282529563452560009e+22,0.000000000000000000e+00
8.048439883553923557e+22,0.000000000000000000e+00
8.894901695183929213e+22,0.000000000000000000e+00
9.830386672659070557e+22,0.000000000000000000e+00
1.086425746406121333e+23,0.000000000000000000e+00
1.200686139576675499e+23,0.000000000000000000e+00
1.326963403196661613e+23,0.000000000000000000e+00
1.466521362563637057e+23,0.000000000000000000e+00
1.620756760642006727e+23,0.000000000000000000e+00
1.791213237136035383e+23,0.000000000000000000e+00
1.979596777754887979e+23,0.000000000000000000e+00
2.187792788290966095e+23,0.000000000000000000e+00
2.417884964394803302e+23,0.000000000000000000e+00
2.672176145901512441e+23,0.000000000000000000e+00
2.953211364425814445e+23,0.000000000000000000e+00
3.263803314893917793e+23,0.000000000000000000e+00
3.607060505939657653e+23,0.000000000000000000e+00
3.986418370903733069e+23,0.000000000000000000e+00
4.405673650805314337e+23,0.000000000000000000e+00
