1.015631471002490230e+03    0.000000000000000000e+00
1.122446365234342238e+03    0.000000000000000000e+00
1.240495079956711379e+03    3.343655374591267409e-21
1.370959086384084458e+03    4.083949981584172725e-21
1.515144112143249004e+03    4.988147886056764512e-21
1.674493209434265964e+03    6.092537740512482527e-21
1.850601197581904671e+03    7.441442608836896773e-21
2.045230624523485858e+03    9.088998808407175149e-21
2.260329406981054035e+03    1.110132859319500187e-20
2.498050325866634921e+03    1.355919387550029557e-20
2.760772572037198643e+03    1.656123748980565958e-20
3.051125558036416805e+03    2.022794208247994896e-20
3.372015234139178574e+03    2.470646551205587199e-20
3.726653172078671105e+03    3.017654682245598462e-20
4.118588707535707726e+03    3.685771981766627077e-20
4.551744463083231494e+03    4.501812374536570914e-20
5.030455607111439349e+03    5.498526469510616120e-20
5.559513241650136479e+03    6.715915960633812984e-20
6.144212353328210156e+03    8.202839040498575592e-20
6.790404807379470185e+03    1.001897125821746662e-19
7.504557915076858080e+03    1.223720051826278055e-19
8.293819160757357167e+03    1.494655234084791919e-19
9.166087736247602152e+03    1.825576278598651123e-19
1.013009359863071040e+04    2.229764243678940762e-19
1.119548484259094039e+04    2.723440658609412600e-19
1.237292426178822097e+04    3.326418554839802450e-19
1.367419606568093877e+04    4.062897638263791964e-19
1.511232381985500615e+04    4.962435516159227925e-19
1.670170079024566076e+04    6.061133958242524488e-19
1.845823399578055978e+04    7.403087801609432576e-19
2.039950341117192147e+04    9.042154650488944727e-19
2.254493791321216850e+04    1.104411639680748034e-18
2.491600973150315986e+04    1.348931931331223191e-18
2.753644934974715943e+04    1.647589867861722597e-18
3.043248300840362572e+04    2.012371735395798126e-18
3.363309518571896479e+04    2.457917638632069472e-18
3.717031868412666518e+04    3.002109071210161367e-18
4.107955522530064627e+04    3.666786578439196249e-18
4.539992976248485502e+04    4.478626316128012669e-18
5.017468205617528292e+04    5.470210686808988337e-18
5.545159943217694672e+04    6.681336024322248198e-18
6.128349505322202458e+04    8.160609812210046101e-18
6.772873649085377110e+04    9.967401542595166902e-18
7.485182988770060183e+04    1.217422551669142177e-17
8.272406555663222389e+04    1.486965122564137717e-17
9.142423147817327117e+04    1.816185812701458459e-17
1.010394018370932463e+05    2.218297749818836933e-17
1.116658084901147813e+05    2.709439564143086994e-17
1.234098040866795636e+05    3.309323130525985068e-17
1.363889264820113895e+05    4.042024732197315961e-17
1.507330750954764953e+05    4.936951403472821621e-17
1.665858109876332455e+05    6.030021241102992505e-17
1.841057936675791861e+05    7.365105063691508511e-17
2.034683690106441791e+05    8.995787290705453193e-17
2.248673241788481828e+05    1.098751672842398297e-16
2.485168271079518599e+05    1.342023360446805245e-16
2.746535699721420533e+05    1.639157831412253198e-16
3.035391380788667593e+05    2.002081069863956390e-16
3.354626279025118565e+05    2.445359720647070565e-16
3.707435404590882245e+05    2.986785813926888282e-16
4.097349789797864505e+05    3.648090975597921762e-16
4.528271828867969452e+05    4.455818801132841646e-16
5.004514334406104172e+05    5.442390422978239423e-16
5.530843701478336006e+05    6.647406061635351447e-16
6.112527611295722891e+05    8.119234830165961657e-16
6.755387751938437577e+05    9.916956642265955557e-16
7.465858083766791970e+05    1.211273422105800125e-15
8.251049232659038389e+05    1.479471048854653607e-15
9.118819655545162968e+05    1.807054772975640504e-15
1.007785429048510501e+06    2.207175072085198993e-15
1.113775147844802355e+06    2.695894752565672319e-15
1.230911902673481032e+06    3.292834016931198126e-15
1.360368037547892891e+06    4.021958444272922548e-15
1.503439192977572326e+06    4.912541557320164232e-15
1.661557273173933849e+06    6.000340673284835616e-15
1.836304777028905693e+06    7.329033318078171629e-15
2.029430636295733973e+06    8.951971971071814895e-15
2.242867719485801179e+06    1.093432772378929409e-14
2.478752176666358486e+06    1.335570909852217836e-14
2.739444818768368568e+06    1.631336141497351974e-14
3.027554745375812519e+06    1.992607548884171373e-14
3.345965457471271977e+06    2.433896304257958229e-14
3.697863716482928954e+06    2.972929116339232725e-14
4.086771438464066479e+06    3.631361087324348075e-14
4.516580942612665705e+06    4.435646711272252311e-14
4.991593906910212710e+06    5.418104130439594425e-14
5.516564420760771260e+06    6.618215574422161296e-14
6.096746565515632741e+06    8.084216454318846626e-14
6.737946999085467309e+06    9.875037258501223410e-14
7.446583070924337953e+06    1.206267667247483504e-13
8.229747049020023085e+06    1.473510180311267137e-13
9.095277101695815101e+06    1.799979273686485257e-13
1.005183574463357590e+07    2.198807476987646758e-13
1.110899653824230656e+07    2.686041357525029049e-13
1.227733990306843631e+07    3.281288761344207994e-13
1.356855901220093295e+07    4.008509982564603595e-13
1.499557682047770359e+07    4.896984900282831552e-13
1.657267540176123753e+07    5.982495253964167452e-13
1.831563888873418048e+07    7.308769941314531410e-13
2.024191144580437988e+07    8.929251862862836646e-13
2.237077185616559163e+07    1.090925782317535212e-12
2.472352647033938766e+07    1.332861883406191582e-12
2.732372244729255885e+07    1.628490745563472007e-12
3.019738342231849954e+07    1.989738227911683174e-12
3.337326996032606438e+07    2.431180815689683780e-12
3.688316740123999119e+07    2.970634532510043890e-12
4.076220397836621106e+07    3.629874230601324378e-12
4.504920239355780184e+07    4.435511774795260040e-12
4.978706836786394566e+07    5.420067663284307585e-12
5.502322005640721321e+07    6.623277813889024036e-12
6.081006262521795183e+07    8.093685749319703307e-12
6.720551273974975944e+07    9.890580386335599773e-12
7.427357821433387697e+07    1.208635118058566145e-11
8.208499862389880419e+07    1.476934552928570728e-11
9.071795328941246867e+07    1.804732796947656734e-11
1.002588437228037119e+08    2.205165646593078020e-11
1.108031583623338640e+08    2.694230720016514222e-11
1.224564282529819012e+08    3.291389437809412332e-11
1.353352832366127074e+08    4.020284337240921045e-11
1.495686192226350307e+08    4.909588035201512710e-11
1.652988882215865254e+08    5.993999382039149320e-11
1.826835240527346134e+08    7.315399485826694457e-11
2.018965179946553707e+08    8.924174132286700788e-11
2.231301601484298110e+08    1.088069799749000558e-10
2.465969639416064322e+08    1.325695767802943110e-10
2.725317930340126157e+08    1.613826202354638143e-10
3.011942119122020006e+08    1.962494604222411091e-10
3.328710836980795264e+08    2.383391504885506169e-10
3.678794411714423299e+08    2.889979584662994515e-10
4.065696597405990958e+08    3.497536181079250611e-10
4.493289641172215343e+08    4.223078684620094757e-10
4.965853037914094925e+08    5.085118439126831653e-10
5.488116360940264463e+08    5.542140122186974105e-10
6.065306597126333714e+08    6.041970559167466479e-10
6.703200460356392860e+08    6.574854902918820950e-10
7.408182206817178726e+08    7.122822648551091863e-10
8.187307530779818296e+08    7.657635672475039146e-10
9.048374180359594822e+08    8.140027499320289449e-10
1.000000000000000000e+09    8.522620034783637814e-10
1.105170918075647831e+09    8.761283171680608515e-10
1.221402758160169840e+09    8.844053639635776205e-10
1.349858807576003075e+09    8.927014529582832226e-10
1.491824697641270399e+09    9.011150933535379923e-10
1.648721270700128078e+09    9.097539055103157515e-10
1.822118800390509129e+09    9.187365071491163709e-10
2.013752707470476627e+09    9.281943906140665135e-10
2.225540928492467880e+09    9.382736277075774445e-10
2.459603111156949997e+09    9.491361511142698829e-10
2.718281828459044933e+09    9.609602428399947582e-10
3.004166023946433544e+09    9.739397069549244127e-10
3.320116922736547947e+09    9.882810195197046268e-10
3.669296667619244576e+09    1.004197552090248961e-09
4.055199966844675541e+09    1.021899808758741808e-09
4.481689070338064194e+09    1.041580617693661330e-09
4.953032424395114899e+09    1.057219372854092489e-09
5.473947391727200508e+09    1.072632482462488075e-09
6.049647464412946701e+09    1.087477039236059516e-09
6.685894442279270172e+09    1.101231033589369910e-09
7.389056098930650711e+09    1.113706501237993241e-09
8.166169912567651749e+09    1.124909369910537399e-09
9.025013499434122086e+09    1.135059086431659353e-09
9.974182454814723969e+09    1.144621529527932900e-09
1.102317638064160538e+10    1.154039190566932415e-09
1.218249396070347404e+10    1.163437491883286616e-09
1.346373803500169182e+10    1.172903962151100775e-09
1.487973172487283707e+10    1.182488640539329885e-09
1.644464677109705544e+10    1.192211849905768962e-09
1.817414536944306564e+10    1.202078465340544609e-09
2.008553692318766785e+10    1.212088051850018699e-09
2.219795128144163513e+10    1.222241479549476789e-09
2.453253019710935211e+10    1.232539053820085994e-09
2.711263892065789413e+10    1.242981448284034943e-09
2.996410004739702606e+10    1.253569339219239110e-09
3.311545195869231033e+10    1.264303035228733062e-09
3.659823444367798615e+10    1.275182573478755844e-09
4.044730436006739807e+10    1.286209248884506842e-09
4.470118449330083466e+10    1.297383110783728939e-09
4.940244910553018951e+10    1.308706297752360005e-09
5.459815003314423370e+10    1.320179471815935863e-09
6.034028759736199951e+10    1.331802339738225433e-09
6.668633104092515564e+10    1.343575974462565439e-09
7.369979369959579468e+10    1.355502661117913901e-09
8.145086866496813965e+10    1.367584721447969821e-09
9.001713130052180481e+10    1.379824521293213313e-09
9.948431564193386841e+10    1.392224167829582858e-09
1.099471724521235199e+11    1.404785317077083172e-09
1.215104175187349701e+11    1.417510676286898860e-09
1.342897796849355316e+11    1.430403110565105125e-09
1.484131591025765991e+11    1.443468165590665454e-09
1.640219072999018555e+11    1.456708115572358533e-09
1.812722418751512146e+11    1.470125299101668330e-09
2.003368099747918396e+11    1.483728565328751273e-09
2.214064162041871643e+11    1.497523508322745245e-09
2.446919322642203979e+11    1.511518246837518148e-09
2.704264074261527710e+11    1.525726023702467366e-09
2.988674009670603027e+11    1.540149344670751903e-09
3.302995599096489258e+11    1.554804883396718825e-09
3.650374678653289185e+11    1.569703394000331337e-09
4.034287934927351074e+11    1.584854102344267933e-09
4.458577700825171509e+11    1.600286085375330820e-09
4.927490410932563477e+11    1.616006422645304225e-09
5.445719101259294434e+11    1.632037850312615354e-09
6.018450378720822754e+11    1.648414221869776302e-09
6.651416330443618164e+11    1.665149327645392850e-09
7.350951892419732666e+11    1.682269097269081763e-09
8.124058251675433350e+11    1.699805507082784410e-09
8.978472916504183350e+11    1.717790244441189530e-09
9.922747156050262451e+11    1.736259471664919230e-09
1.096633158428458496e+12    1.755259013576144494e-09
1.211967074492577393e+12    1.774835968664831108e-09
1.339430764394417969e+12    1.795040083768318455e-09
1.480299927584546387e+12    1.815912557039619040e-09
1.635984429995927002e+12    1.837541356827830288e-09
1.808042414456063232e+12    1.859969286609489736e-09
1.998195895104118896e+12    1.883294273595696441e-09
2.208347991887208984e+12    1.907601252464662281e-09
2.440601977624500488e+12    1.932990791059733306e-09
2.697282328268509766e+12    1.959557615663028717e-09
2.980957987041728516e+12    1.987436577055428077e-09
3.294468075283840332e+12    2.016718074904316138e-09
3.640950307332358398e+12    2.047611896619894252e-09
4.023872393822312988e+12    2.080266021196975372e-09
4.447066747699857422e+12    2.114839882236675688e-09
4.914768840299134766e+12    2.151506307655517492e-09
5.431659591362978516e+12    2.190541611614029659e-09
6.002912217261028320e+12    2.232150572533332284e-09
6.634244006277889648e+12    2.276574996560689791e-09
7.331973539155995117e+12    2.324009239360300749e-09
8.103083927575383789e+12    2.374903917422641931e-09
8.955292703482507812e+12    2.429540425680511149e-09
9.897129058743927734e+12    2.488310263399414928e-09
1.093801920816519141e+13    2.551616100648595133e-09
1.208838073021698828e+13    2.619931281294664200e-09
1.335972682966187305e+13    2.693815775868128128e-09
1.476478156557729297e+13    2.773931169171859646e-09
1.631760719801544922e+13    2.860431588499507258e-09
1.803374492782852344e+13    2.954202776564404971e-09
1.993037043823029688e+13    3.055646791046837453e-09
2.202646579480671875e+13    3.165754316989025724e-09
2.434300942440842188e+13    3.285330660204818512e-09
2.690318607429758984e+13    3.415238824788380651e-09
2.973261885289143359e+13    3.556360445196194139e-09
3.285962567444332812e+13    3.709720766617456854e-09
3.631550267424663281e+13    3.876082374543089057e-09
4.013483743087585156e+13    4.056884979525015119e-09
4.435585513029791406e+13    4.253396815194359933e-09
4.902080113638175000e+13    4.467090019827946240e-09
5.417636379669875000e+13    4.699283699705815562e-09
5.987414171519782031e+13    4.951725204713697346e-09
6.617116016837669531e+13    5.225843078442049869e-09
7.313044183341557812e+13    5.523966193279841943e-09
8.082163754031360938e+13    5.846740079274000492e-09
8.932172336080557812e+13    6.197721133669280807e-09
9.871577101076050000e+13    6.578857212218739470e-09
1.090977992765077344e+14    6.992745714487364648e-09
1.205717149864507344e+14    7.441039973477106904e-09
1.332523529455310156e+14    7.927883548234702296e-09
1.472666252405527188e+14    8.456169144170882943e-09
1.627547914190039062e+14    9.029630834653072665e-09
1.798718622537513438e+14    9.651147769098122812e-09
1.987891511429547500e+14    1.032505926999217753e-08
2.196959886721379062e+14    1.105505336776521411e-08
2.428016174983236562e+14    1.184533903638722025e-08
2.683372865208744688e+14    1.270155337159452522e-08
2.965585652982033125e+14    1.362704954502257329e-08
3.277479018738121875e+14    1.462766020860385419e-08
3.622174496112481875e+14    1.570540734165996206e-08
4.003121913298826250e+14    1.686430538541330459e-08
4.424133920089205000e+14    1.810977935025218058e-08
4.889424146154607500e+14    1.944998630091189323e-08
5.403649372466925000e+14    2.089400480653708254e-08
5.971956137928166250e+14    2.244244816846310452e-08
6.600032247661568750e+14    2.410109776887153584e-08
7.294163698477012500e+14    2.587468168563595692e-08
8.061297591239913750e+14    2.776980143056339991e-08
8.909111659791618750e+14    2.978732742172293661e-08
9.846091112290356250e+14    3.193517961996537267e-08
1.088161355402640500e+15    3.421949542575927048e-08
1.202604284164776750e+15    3.664446095291306638e-08
1.329083280812095250e+15    3.920670942461693966e-08
1.468864189654096500e+15    4.191527188590428064e-08
1.623345985008459500e+15    4.476706655197925162e-08
1.794074772606215000e+15    4.777224288267431716e-08
1.982759263537568750e+15    5.091928436336402397e-08
2.191287875606813000e+15    5.420834556370448178e-08
2.421747633252416500e+15    5.763474794594138984e-08
2.676445055189098500e+15    6.119955679493852461e-08
2.957929238822362500e+15    6.488902405528150003e-08
3.269017372472110500e+15    6.868254124815856080e-08
3.612822930740249000e+15    7.257251410474985939e-08
3.992786835210951500e+15    7.654047846639980223e-08
4.412711892350445500e+15    8.055852445080016659e-08
4.876800853272269000e+15    8.460884126322647901e-08
5.389698476283012000e+15    8.866924046712353813e-08
5.956538013184625000e+15    9.267269752859202058e-08
6.582992584583743000e+15    9.660276748084996003e-08
7.275331958389593000e+15    1.004258886763046881e-07
8.040485299758523000e+15    1.040992334577907580e-07
8.886110520507872000e+15    1.075792239276390923e-07
9.820670922071372000e+15    1.108296066806459978e-07
1.085351989906441000e+16    1.138049366121449522e-07
1.199499455120134200e+16    1.165000534010749557e-07
1.325651914046359600e+16    1.188486305750195019e-07
1.465071942895351800e+16    1.208178989868427406e-07
1.619154904176531000e+16    1.223637218256548317e-07
1.789442911955460200e+16    1.234343147077685211e-07
1.977640265849778800e+16    1.240166275289807460e-07
2.185630508232571200e+16    1.240727897663537779e-07
2.415495275357530000e+16    1.235857331157817706e-07
2.669535131074274400e+16    1.225210892014780041e-07
2.950292591644543600e+16    1.208677545877917392e-07
3.260577572099586800e+16    1.186264233113576569e-07
3.603495508814172000e+16    1.158026733814471924e-07
3.982478439757622400e+16    1.124094063729701941e-07
4.401319353483411200e+16    1.084760611327331806e-07
4.864210150633366400e+16    1.040302156236368730e-07
5.375783597888368800e+16    9.915587378127945428e-08
5.941159694254305600e+16    9.386637138040675565e-08
6.565996913733051200e+16    8.824357827995895777e-08
7.256548837232235200e+16    8.235901596318159037e-08
8.019726740504705600e+16    7.627713651240182714e-08
8.863168764519419200e+16    7.008374680670028153e-08
9.795316360543344000e+16    6.385564801034611683e-08
1.082549877502307520e+17    5.765831188446102610e-08
1.196402641981906880e+17    5.156458629737948287e-08
1.322229406227271520e+17    4.567056576426843429e-08
1.461289486786814080e+17    4.002872263362528387e-08
1.614974643686477440e+17    3.469497815505351715e-08
1.784823009631872320e+17    2.972286577781378953e-08
1.972534484157399680e+17    2.515865101907140184e-08
2.179987746792110720e+17    2.101646391459669547e-08
2.409259059515894400e+17    1.731577429895985366e-08
2.662643046687256000e+17    1.405998351425447713e-08
2.942675660415088000e+17    1.124198843734973281e-08
3.252159561219810560e+17    8.845890946216424011e-09
3.594192168001797760e+17    6.841439607497234386e-09
3.972196658050840960e+17    5.196469865828351553e-09
4.389956227355073920e+17    3.872210961859630175e-09
4.851651954097902720e+17    2.825801818092111374e-09
5.361904644293896320e+17    2.018259587666729099e-09
5.925821078368372480e+17    1.409775269995720465e-09
6.549045121532385280e+17    9.610844017275732345e-10
7.237814209482796800e+17    6.387111780255657281e-10
7.999021774755054080e+17    4.130734278742808929e-10
8.840286238513152000e+17    2.596011438570023941e-10
9.770027258269107200e+17    1.583364578307084437e-10
1.079754999464535040e+18    9.359028116523351244e-11
1.193313824054992128e+18    5.355173674027647364e-11
1.318815734483214592e+18    2.960443171903532812e-11
1.457516796051426048e+18    1.579530466051683107e-11
1.610805175602833152e+18    8.116091743963274062e-12
1.780215034761984000e+18    4.012441504469274493e-12
1.967441884339975936e+18    1.904141686862999204e-12
2.174359553576488448e+18    8.664797854794848716e-13
2.403038944052686848e+18    3.775224442974642559e-13
2.655768755970246144e+18    1.575288555987409808e-13
2.935078394232251392e+18    6.274220012446474543e-14
3.243763283577659392e+18    2.378321590397747681e-14
3.584912846131591680e+18    8.554150321551622657e-15
3.961941421380439552e+18    2.908738149652091777e-15
4.378622438028963328e+18    9.332214928670626332e-16
4.839126179743088640e+18    2.818117963138106726e-16
5.348061522750578688e+18    7.968142404478697642e-17
5.910522063023290368e+18    2.084240140181128833e-17
6.532137094697830400e+18    5.001939092550849060e-18
7.219127949943204864e+18    1.092493931245080414e-18
7.978370264144282624e+18    2.153917791238659954e-19
8.817462789571795968e+18    3.800168943549149878e-20
9.744803446248902656e+18    5.988737487198323631e-21
1.076967337115764941e+19    8.401683433180735344e-22
1.190232980697717146e+19    1.034090046910658959e-22
1.315410876001607885e+19    1.134676862908930413e-23
1.453753845477390950e+19    1.122384826907167053e-24
1.606646472062247936e+19    1.014449622965336509e-25
1.775618956552037376e+19    8.441075026022880720e-27
1.962362432365141197e+19    6.410693064450069769e-28
2.168745890974139597e+19    4.322711717346867183e-29
2.396834887400681882e+19    2.488106314362173277e-30
2.648912212984347034e+19    1.173009994140066810e-31
2.927500742325710848e+19    4.357902837958993838e-33
3.235388683063250125e+19    1.230471013416310016e-34
3.575657481192565146e+19    2.546805860527491611e-36
3.951712661213650125e+19    3.719015224708314748e-38
4.367317909764641587e+19    3.674417770217721216e-40
4.826632743862814310e+19    2.345532188682650660e-42
5.334254140748855706e+19    9.195444023515462565e-45
5.895262545980225126e+19    2.094697313048319055e-47
6.515272720237954662e+19    2.610213727897133141e-50
7.200489933738587750e+19    1.666091379636826150e-53
7.957772070664344371e+19    5.070617421428520345e-57
8.794698265172874035e+19    6.803040167246333298e-61
9.719644755919388672e+19    3.691788975858360507e-65
1.074186871826860278e+20    7.370618819452883926e-70
1.187160091321696420e+20    4.876464718956527846e-75
1.312014808028770959e+20    9.525802687450823531e-81
1.450000609918003282e+20    4.835980494626690949e-87
1.602498505273325322e+20    5.533974268226329451e-94
1.771034744287776604e+20    0.000000000000000000e+00
1.957296094288387768e+20    0.000000000000000000e+00
2.163146721470579671e+20    0.000000000000000000e+00
2.390646848099971236e+20    0.000000000000000000e+00
2.642073371909293015e+20    0.000000000000000000e+00
2.919942654056219607e+20    0.000000000000000000e+00
3.227035703711548703e+20    0.000000000000000000e+00
3.566426011333790269e+20    0.000000000000000000e+00
3.941510309194640916e+20    0.000000000000000000e+00
4.356042567017261957e+20    0.000000000000000000e+00
4.814171562967074734e+20    0.000000000000000000e+00
5.320482406017986724e+20    0.000000000000000000e+00
5.880042425264236790e+20    0.000000000000000000e+00
6.498451885453043302e+20    0.000000000000000000e+00
7.181900036316548301e+20    0.000000000000000000e+00
7.937227056663497277e+20    0.000000000000000000e+00
8.771992513187648635e+20    0.000000000000000000e+00
9.694551019152315515e+20    0.000000000000000000e+00
1.071413585016778523e+21    0.000000000000000000e+00
1.184095135391711494e+21    0.000000000000000000e+00
1.308627507869767959e+21    0.000000000000000000e+00
1.446257064291475128e+21    0.000000000000000000e+00
1.598361247516402909e+21    0.000000000000000000e+00
1.766462367334242976e+21    0.000000000000000000e+00
1.952242836252862972e+21    0.000000000000000000e+00
2.157562007648185876e+21    0.000000000000000000e+00
2.384474784797677847e+21    0.000000000000000000e+00
2.635252187043085681e+21    0.000000000000000000e+00
2.912404078915269689e+21    0.000000000000000000e+00
3.218704289702042665e+21    0.000000000000000000e+00
3.557218374864036430e+21    0.000000000000000000e+00
3.931334297144041931e+21    0.000000000000000000e+00
4.344796334436968301e+21    0.000000000000000000e+00
4.801742553781419114e+21    0.000000000000000000e+00
5.306746226525505323e+21    0.000000000000000000e+00
5.864861599163678196e+21    0.000000000000000000e+00
6.481674477934320026e+21    0.000000000000000000e+00
7.163358133446177194e+21    0.000000000000000000e+00
7.916735084845379617e+21    0.000000000000000000e+00
8.749345381880239751e+21    0.000000000000000000e+00
9.669522068253528031e+21    0.000000000000000000e+00
