# E[eV], EF_E [erg/cm^3s]
2.244942040584571322e-05,0.000000000000000000e+00
2.481044656019472101e-05,0.000000000000000000e+00
2.741978400279713405e-05,7.684022032472921586e-18
3.030354785980730596e-05,8.083515028186979063e-18
3.349059980917261901e-05,8.507815821697068508e-18
3.701283693800733264e-05,8.958581520840326170e-18
4.090551097936185931e-05,9.438501341274654199e-18
4.520758112341473871e-05,9.949655827066209928e-18
4.996210393414365409e-05,1.049530942691873850e-17
5.521666427388854828e-05,1.107808707528609277e-17
6.102385154864809147e-05,1.170198484163548247e-17
6.744178604053153992e-05,1.237032663333773501e-17
7.453470059507547182e-05,1.308804259415298655e-17
8.237358348515321166e-05,1.385935324915163912e-17
9.103688888546789015e-05,1.469038536746763026e-17
1.006113220683030329e-04,1.558650890616482244e-17
1.111927071790312920e-04,1.655538785350784910e-17
1.228869462763664303e-04,1.760386525709659078e-17
1.358110792357648724e-04,1.874158376432422139e-17
1.500944551238349983e-04,1.997727444591895976e-17
1.658800267672724577e-04,2.132312974909835579e-17
1.833257814727997715e-04,2.279030167614997428e-17
2.026063222172292213e-04,2.439426978676400912e-17
2.239146151327460889e-04,2.614929273060951550e-17
2.474639207768126103e-04,2.807508685494794641e-17
2.734899285155086989e-04,3.018990113711380382e-17
3.022531153819284526e-04,3.251890946719351630e-17
3.340413530178698012e-04,3.508549082350077260e-17
3.691727887899911914e-04,3.792184336320704845e-17
4.079990299155822537e-04,4.105794559473005931e-17
4.509086624657767609e-04,4.453502823379665178e-17
4.983311404655654722e-04,4.839156192593824451e-17
5.507410840140124263e-04,5.268038153432967150e-17
6.086630294417443542e-04,5.745088240460523546e-17
6.726766790468383800e-04,6.277079257460271157e-17
7.434227029502705683e-04,6.870355041937209112e-17
8.216091511378311460e-04,7.533597732131385118e-17
9.080185398623484214e-04,8.274953989037906041e-17
1.003515683329382190e-03,9.105550554835689017e-17
1.109056349048445720e-03,1.003584450179037300e-16
1.225696823475494251e-03,1.108008752060709898e-16
1.354604483682818761e-03,1.225169120796959754e-16
1.497069480861126269e-03,1.356889414521135943e-16
1.654517652586326437e-03,1.504887645233057826e-16
1.828524793081198144e-03,1.671495143613477051e-16
2.020832424293627326e-03,1.858909163580691191e-16
2.233365225633627844e-03,2.070105191787484318e-16
2.468250296811737472e-03,2.307887823060007835e-16
2.727838446567921321e-03,2.576047562063826643e-16
3.014727720355522226e-03,2.878155597767437077e-16
3.331789402453409505e-03,3.219029797882575751e-16
3.682196752744153027e-03,3.603204434837278157e-16
4.069456765765415429e-03,4.036786900689403032e-16
4.497445269890126829e-03,4.525514794758952677e-16
4.970445717919456941e-03,5.077106132630615136e-16
5.493192057318206645e-03,5.698792750567534494e-16
6.070916109152225439e-03,6.400042870888051326e-16
6.709399929911989864e-03,7.190215358469644713e-16
7.415033680277531049e-03,8.081170034342632070e-16
8.194879579994178084e-03,9.084828427295616825e-16
9.056742588941525327e-03,1.021595955534138718e-15
1.000924852179533621e-02,1.148958983603246651e-15
1.106193037807984628e-02,1.292401314459337629e-15
1.222532375163141831e-02,1.453800900628631731e-15
1.351107227436253340e-02,1.635411400776123787e-15
1.493204414964363798e-02,1.839561385402344704e-15
1.650246094160778484e-02,2.069010862574224624e-15
1.823803990934415309e-02,2.326624428743606400e-15
2.015615131051020845e-02,2.615760325166941574e-15
2.227599224870826719e-02,2.939913861217288675e-15
2.461877880455087472e-02,3.303141879922092811e-15
2.720795837332681821e-02,3.709672338420669467e-15
3.006944433441354619e-02,4.164367407461221506e-15
3.323187540108844817e-02,4.672293593936289092e-15
3.672690224639649920e-02,5.239227736949092431e-15
4.058950427372449987e-02,5.871180009683187229e-15
4.485833970242759927e-02,6.574947955128812753e-15
4.957613247228107034e-02,7.357582745138170797e-15
5.479009983903088132e-02,8.226997666951110382e-15
6.055242494055823599e-02,9.191364893832034073e-15
6.692077906326333869e-02,1.025978660050588155e-14
7.395889883568443346e-02,1.144160597420227555e-14
8.173722412609742138e-02,1.274715127576762342e-14
9.033360302839385514e-02,1.418694053638796452e-14
9.983407099197127987e-02,1.577251168719267683e-14
1.103337118934260563e-01,1.751549524588447085e-14
1.219376096679518628e-01,1.942854743661651108e-14
1.347619000246804977e-01,2.152425906047169720e-14
1.489349327718944849e-01,2.381621382749819530e-14
1.645985563850497213e-01,2.631769444067139979e-14
1.819095376739912340e-01,2.904289590711615113e-14
2.010411307578818252e-01,3.200538161986404685e-14
2.221848110506549068e-01,3.521949222497823641e-14
2.455521916113160286e-01,3.869849520027626666e-14
2.713771410385658056e-01,4.245624522947473741e-14
2.999181241063357262e-01,4.650496051314614350e-14
3.314607885661254860e-01,5.085721204961469425e-14
3.663208240057035936e-01,5.552324859548140016e-14
4.048471213766102750e-01,6.051342130290524067e-14
4.474252648120722320e-01,6.583496629462650753e-14
4.944813906825966110e-01,7.149500895802200456e-14
5.464864525120088912e-01,7.749669687237002314e-14
6.039609344386016598e-01,8.384297502095008829e-14
6.674800603953339184e-01,9.053193886660269145e-14
7.376795511443010600e-01,9.756162661779119289e-14
8.152619867837771483e-01,1.049244265867728481e-13
9.010038384060046202e-01,1.126131924654616268e-13
9.957632392808479782e-01,1.206144817096621206e-13
1.100488573341993348e+00,1.289163604726428877e-13
1.216227966932132087e+00,1.375001596535379109e-13
1.344139778803662200e+00,1.463503940295274748e-13
1.485504193362440883e+00,1.554447787457875878e-13
1.641736033183592847e+00,1.647657205944417572e-13
1.814398919031382507e+00,1.742903497199871777e-13
2.005220919101378563e+00,1.840029119090405050e-13
2.216111844107762963e+00,1.938835893313773247e-13
2.449182361310892286e+00,2.039218105652392286e-13
2.706765118784640212e+00,2.141037901300552724e-13
2.991438091342359495e+00,2.244266766835148817e-13
3.306050381775302860e+00,2.348846206400710918e-13
3.653750735630956203e+00,2.454836393697037022e-13
4.038019054916834882e+00,2.562259948287367880e-13
4.462701226129396126e+00,2.671257286456868216e-13
4.932047611178741242e+00,2.781912590479631781e-13
5.450755586439221645e+00,2.894417559036926684e-13
6.024016555670996809e+00,3.008881087413342754e-13
6.657567907333814539e+00,3.125505622143231362e-13
7.357750436299077990e+00,3.244383833912980800e-13
8.131571804656145375e+00,3.365692499154106546e-13
8.986776676749895998e+00,3.489478582702687564e-13
9.931924230384495900e+00,3.615873528349323503e-13
1.097647381995180105e+01,3.744868088958436936e-13
1.213087964882943837e+01,3.876546731050409868e-13
1.340669539856201453e+01,4.010848143121663689e-13
1.481668986198936366e+01,4.147818197085205415e-13
1.637497473761691680e+01,4.287352889864895087e-13
1.809714586423762483e+01,4.429469082331132413e-13
2.000043930932839586e+01,4.574028133567294566e-13
2.210390387340672547e+01,4.721024932581443960e-13
2.442859173682880680e+01,4.870291363779630252e-13
2.699776915708626035e+01,5.021804744491281642e-13
2.983714932533142061e+01,5.175370547802983154e-13
3.297514971263670702e+01,5.330951358564845551e-13
3.644317648159662326e+01,5.488328261696554086e-13
4.027593880975904739e+01,5.647451273697496752e-13
4.451179627073999256e+01,5.808078767872425713e-13
4.919314274972988699e+01,5.970150192434986261e-13
5.436683073574535285e+01,6.133402916088753544e-13
6.008464023708700807e+01,6.297767918519650539e-13
6.640379701306655136e+01,6.462963494277794299e-13
7.338754530863965897e+01,6.628914484310051314e-13
8.110578082406746603e+01,6.795322354770922623e-13
8.963575025457686252e+01,6.962108417444445656e-13
9.906282440125013977e+01,7.128959891803720040e-13
1.094813525906964315e+02,7.295797435671420530e-13
1.209956069548236286e+02,7.462296899100327839e-13
1.337208260213825781e+02,7.628381358736986397e-13
1.477843680598852814e+02,7.793718384781331889e-13
1.633269857259728042e+02,7.958236646533772455e-13
1.805042347613018023e+02,8.121598640463319280e-13
1.994880308476900836e+02,8.283741804927499995e-13
2.204683701970446634e+02,8.444326797780573439e-13
2.436552310973094961e+02,8.603302924447672539e-13
2.692806754457475336e+02,8.760332192090152592e-13
2.976011713024077494e+02,8.915378723373383651e-13
3.289001597086698894e+02,9.068108946085385139e-13
3.634908914604577035e+02,9.218504539262865009e-13
4.017195622274895754e+02,9.366239238837887746e-13
4.439687773959016681e+02,9.511314741523424774e-13
4.906613813115522476e+02,9.653414725715962849e-13
5.422646892483534202e+02,9.792563012936982544e-13
5.992951644566082905e+02,9.928455531017322262e-13
6.623235871008056392e+02,1.006113989856778849e-12
7.319807668193533345e+02,1.019032619460252340e-12
8.089638560794626301e+02,1.031608700300268320e-12
8.940433275133551660e+02,1.043814797603865486e-12
9.880706850673412873e+02,1.055660728506793818e-12
1.091986986139507280e+03,1.067120704072129781e-12
1.206832259998460586e+03,1.078207106866617963e-12
1.333755916745807099e+03,1.088895826117118068e-12
1.474028250998789872e+03,1.099201762561715034e-12
1.629053155425773411e+03,1.109102461384000065e-12
1.800382171375932103e+03,1.118615243388440298e-12
1.989730017226569544e+03,1.127719238517065546e-12
2.198991749860961136e+03,1.136434042899043546e-12
2.430261731034612239e+03,1.144740259233748283e-12
2.685854588451634299e+03,1.152659573245076165e-12
2.968328381336782513e+03,1.160173916739408611e-12
3.280510202351977568e+03,1.167306845759294406e-12
3.625524472089862684e+03,1.174041454611346468e-12
4.006824209325278844e+03,1.180402925804029624e-12
4.428225589987748208e+03,1.186375334046422568e-12
4.893946140732839012e+03,1.191985229418003078e-12
5.408646949366481749e+03,1.197217475543580021e-12
5.977479314578408776e+03,1.202099725021528042e-12
6.606136301870809802e+03,1.206617434470511891e-12
7.300909721671424450e+03,1.210799095107336068e-12
8.068753099887032477e+03,1.214630560307470107e-12
8.917351271127878135e+03,1.218140902537482362e-12
9.855197291115444386e+03,1.221316178945868923e-12
1.089167743803868871e+04,1.224185796053909499e-12
1.203716515358103061e+04,1.226735828248713379e-12
1.330312486381134840e+04,1.228995781503916884e-12
1.470222671901335707e+04,1.230951570205367356e-12
1.624847340080831782e+04,1.232632579553708074e-12
1.795734026569906200e+04,1.234024398368888429e-12
1.984593022763941917e+04,1.235156086796244714e-12
2.193314492974551104e+04,1.236012756111519623e-12
2.423987391829308035e+04,1.236622954577963167e-12
2.678920371231792160e+04,1.236971178994319873e-12
2.960664886125793782e+04,1.237085297833602309e-12
3.272040730313974564e+04,1.236949074100603416e-12
3.616164257902009558e+04,1.236589634390439940e-12
3.996479572817905864e+04,1.235989788739445477e-12
4.416792998561738932e+04,1.235175622581855510e-12
4.881311173170568509e+04,1.234129080924351744e-12
5.394683150665831636e+04,1.232875214224095576e-12
5.962046930348588648e+04,1.231394983857293399e-12
6.589080879623442888e+04,1.229712304630119581e-12
7.282060565008140111e+04,1.227807107933359137e-12
8.047921560112513544e+04,1.225702113501332752e-12
8.894328859190341609e+04,1.223376206591623790e-12
9.829753590978123248e+04,1.220850879812622322e-12
1.086355780059867975e+05,1.218103983333786412e-12
1.200608814805551228e+05,1.215155778540718974e-12
1.326877946108365722e+05,1.211983119927279187e-12
1.466426917874913197e+05,1.208605063417229617e-12
1.620652383118659782e+05,1.204997538010572798e-12
1.791097882132734521e+05,1.201178453056891646e-12
1.979469290759983705e+05,1.197122916171450557e-12
2.187651893371761253e+05,1.192847786349656367e-12
2.417729251427598647e+05,1.188327491880104925e-12
2.672004056458587875e+05,1.183577979926749054e-12
2.953021176178192254e+05,1.178573184306460752e-12
3.263593124373681494e+05,1.173328326456599478e-12
3.606828209489432047e+05,1.167817078735334483e-12
3.986161643622579286e+05,1.162054175452339829e-12
4.405389923280299990e+05,1.156013313894173676e-12
4.868708825992895290e+05,1.149709036057075111e-12
5.380755403065577848e+05,1.143115407927103900e-12
5.946654388746483019e+05,1.136247131738774572e-12
6.572069490289532114e+05,1.129079044615995219e-12
7.263260072240234585e+05,1.121626417243865957e-12
8.027143802259935765e+05,1.113865315511524795e-12
8.871365885468859924e+05,1.105812034672091503e-12
9.804375580228595063e+05,1.097444371335777414e-12
1.083551076115969801e+06,1.088780132955170639e-12
1.197509137572942534e+06,1.079799371644936600e-12
1.323452272975465981e+06,1.070521897398373643e-12
1.462640963553598383e+06,1.060930529543309007e-12
1.616468256505580153e+06,1.051047528321916783e-12
1.786473707082413603e+06,1.040858924919929538e-12
1.974358786974276416e+06,1.030389769662374645e-12
2.182003913211083040e+06,1.019629608818901221e-12
2.411487268008148298e+06,1.008606429080157872e-12
2.665105597912300844e+06,9.973133604616165816e-13
2.945397200413285289e+06,9.857811781154444480e-13
3.255167328078192193e+06,9.740063272411817569e-13
3.597516264462029561e+06,9.620218293229892824e-13
3.975870352787575684e+06,9.498267482601493201e-13
4.394016287939994596e+06,9.374553460712746489e-13
4.856139014981991611e+06,9.249081389977139765e-13
5.366863613490619697e+06,9.122191664166483459e-13
5.931301586908215657e+06,8.993888173868493578e-13
6.555102020186899230e+06,8.864491246900718469e-13
7.244508117729486898e+06,8.733985635239797974e-13
8.006419687477580272e+06,8.602653400610052615e-13
8.848462196508536115e+06,8.470439241707818670e-13
9.779063089272998273e+06,8.337592731582550618e-13
1.080753613229152001e+07,8.203982552298119791e-13
1.194417462946035154e+07,8.069756071507592456e-13
1.320035444089655578e+07,7.934726854265102228e-13
1.458864783636960201e+07,7.799000088318724669e-13
1.612294932280290127e+07,7.662370116887869082e-13
1.781861470516922325e+07,7.524927920903657557e-13
1.969261477254810929e+07,7.386479936504957269e-13
2.176370514748705178e+07,7.247139374413289433e-13
2.405261399857596308e+07,7.106765827135384757e-13
2.658224949492537230e+07,6.965536348150847977e-13
2.937792907882258669e+07,6.823401086273867116e-13
3.246763285120363161e+07,6.680627536618180606e-13
3.588228360590777546e+07,6.537266566711768719e-13
3.965605631539185345e+07,6.393665683019488862e-13
4.382672016534119844e+07,6.249944863884604121e-13
4.843601656137462705e+07,6.106482279755673940e-13
5.353007689106167108e+07,5.963407139763356084e-13
5.915988422235465050e+07,5.821067674406457748e-13
6.538178355926869065e+07,5.679550393922560249e-13
7.225804576162026823e+07,5.539137751093847079e-13
7.985749077272203565e+07,5.399856417881395458e-13
8.825617639250679314e+07,5.261923432050296860e-13
9.753815948955300450e+07,5.125318644941785752e-13
1.077963372704782635e+08,4.990214067813142352e-13
1.191333770264066011e+08,4.856564214739367816e-13
1.316627436617260277e+08,4.724516087041191541e-13
1.455098352889883816e+08,4.594016295199514196e-13
1.608132382553676069e+08,4.465202236091153166e-13
1.777261141614024937e+08,4.338026634772392249e-13
1.964177327537745833e+08,4.212632265136953936e-13
2.170751660338261724e+08,4.088993823754193614e-13
2.399051605370273590e+08,3.967277297768771771e-13
2.651362065217921138e+08,3.847500470232563003e-13
2.930208247767835855e+08,3.729873803856371159e-13
3.238380939338414073e+08,3.614481264017391026e-13
3.578964435807311535e+08,3.501607913378415694e-13
3.955367411281258464e+08,3.391433232376025021e-13
4.371357033252207637e+08,3.284344088024526470e-13
4.831096665675781965e+08,3.180650784220167209e-13
5.339187537317104340e+08,3.080883933816586892e-13
5.900714792394797802e+08,2.985524462968633296e-13
6.521298384413516521e+08,2.895285972599074016e-13
7.207149322547521591e+08,2.810862424316321478e-13
7.965131833508123159e+08,2.733192865619004786e-13
8.802832061031743288e+08,2.663222361207989106e-13
9.728633990556193590e+08,2.602146571413835110e-13
1.075180335896494627e+09,2.551181975315085706e-13
1.188258038919611692e+09,2.511785999451001739e-13
1.313228227783556461e+09,2.485430897584517559e-13
1.451341646142408609e+09,2.473793763222200321e-13
1.603980579508626699e+09,2.478132404166218077e-13
1.772672689631059170e+09,2.498854158078742022e-13
1.959106303847184896e+09,2.538395735961210842e-13
2.165147312430582523e+09,2.598209421191350534e-13
2.392857843047927380e+09,2.679372269975696703e-13
2.644516899225790977e+09,2.782707010797567440e-13
2.922643169383934021e+09,2.908510299499710689e-13
3.230020234715561390e+09,3.056590751600547566e-13
3.569724428203518391e+09,3.226017821222444137e-13
3.945155623594746590e+09,3.415183671684680901e-13
4.360071262479508400e+09,3.621638721140960484e-13
4.818623960029729843e+09,3.842264011538185163e-13
5.325403065767366409e+09,4.073281598039259539e-13
5.885480595316992760e+09,4.310556618579605266e-13
6.504461992842886925e+09,4.549679202414297062e-13
7.188542232218327522e+09,4.786701786395287784e-13
7.944567818406298637e+09,5.018850503421010453e-13
8.780105309582330704e+09,5.244164510313191058e-13
9.703517045791978836e+09,5.460470870778819338e-13
1.072404484206061363e+10,5.667163696943780866e-13
1.185190248358453560e+10,5.865296144602065152e-13
1.309837794872617912e+10,6.052906542608726760e-13
1.447594638289552307e+10,6.227737321909628945e-13
1.599839495399850464e+10,6.388957427324784850e-13
1.768096083904732895e+10,6.532410245257760395e-13
1.954048372294950485e+10,6.657802087738227974e-13
2.159557433573436356e+10,6.765179015358215870e-13
2.386680071499443054e+10,6.853916025124956646e-13
2.637689405771892929e+10,6.925010345352585889e-13
2.915097622175331879e+10,6.979203097459283003e-13
3.221681115379647446e+10,7.018194678850299246e-13
3.560508276031100464e+10,7.044386126207137243e-13
3.934970200237238312e+10,7.061239917689220294e-13
4.348814628796501923e+10,7.073453882025939777e-13
4.806183455847834778e+10,7.085806145221593761e-13
5.311654182339338684e+10,7.103138448609239867e-13
5.870285729196318054e+10,7.129083606541481821e-13
6.487669068702276611e+10,7.165152212990401865e-13
7.169983180828674316e+10,7.210598203122146534e-13
7.924056894543374634e+10,7.262257153225343984e-13
8.757437233026164246e+10,7.316795442939938430e-13
9.678464946813381958e+10,7.374979769043664478e-13
1.069635799083273468e+11,7.437915728255821900e-13
1.182130378079439850e+11,7.506352850223601347e-13
1.306456115227166290e+11,7.580627750370351030e-13
1.443857304291151123e+11,7.660704240466823505e-13
1.595709102553683472e+11,7.746115425025030393e-13
1.763531293850921631e+11,7.836004111803508152e-13
1.949003499080357056e+11,7.929078417312738619e-13
2.153981986411287231e+11,8.023679766164568099e-13
2.380518249440568848e+11,8.117791694661362855e-13
2.630879539230070190e+11,8.209180998383280073e-13
2.907571555717332764e+11,8.295497185806170724e-13
3.213363525602762451e+11,8.374495110729831385e-13
3.551315917701203613e+11,8.444176741260423050e-13
3.924811073142498779e+11,8.502963671716426033e-13
4.337587056978369141e+11,8.549670111808678880e-13
4.793775069993828735e+11,8.583442469656024130e-13
5.297940795153229980e+11,8.603680140236586731e-13
5.855130092489919434e+11,8.610243585204511322e-13
6.470919499769433594e+11,8.603575299523130268e-13
7.151472044353804932e+11,8.584838836706453222e-13
7.903598924850821533e+11,8.555919184778434314e-13
8.734827679879079590e+11,8.519379810830120543e-13
9.653477526204538574e+11,8.478175515757692882e-13
1.066874262025809814e+12,8.435210999427926183e-13
1.179078407634344971e+12,8.392642549280174879e-13
1.303083166248421387e+12,8.351432398969106836e-13
1.440129619171688965e+12,8.311734447888435805e-13
1.591589373367907471e+12,8.273560456432328095e-13
1.758978288964454590e+12,8.236810422060070817e-13
1.943971650489980713e+12,8.201334035556270822e-13
2.148420933685043213e+12,8.166951835802530974e-13
2.374372335693638672e+12,8.133544333354921589e-13
2.624087254091958008e+12,8.101065671815102671e-13
2.900064919715413574e+12,8.069539605806680205e-13
3.205067409800866211e+12,8.038977896994096075e-13
3.542147291783960938e+12,8.009400061657328145e-13
3.914678174420047852e+12,7.980809447577900343e-13
4.326388471994502441e+12,7.953217551113907254e-13
4.781398719546060547e+12,7.926621213164629421e-13
5.284262812566454102e+12,7.901025489870597782e-13
5.840013583917069336e+12,7.876422152172272522e-13
6.454213174111877930e+12,7.852811171700777617e-13
7.133008699089162109e+12,7.830180399152043232e-13
7.883193772613946289e+12,7.808525714660211047e-13
8.712276499047996094e+12,7.787831954170218398e-13
9.628554616981759766e+12,7.768091741234099137e-13
1.064119854579124414e+13,7.749287649010894388e-13
1.176034316627735156e+13,7.731409625540276831e-13
1.299718925395940234e+13,7.714438387874061405e-13
1.436411558020127344e+13,7.698361465188199627e-13
1.587480280311575195e+13,7.683158227630145496e-13
1.754437038818929492e+13,7.668814398535915590e-13
1.938952792897436328e+13,7.655308142203602163e-13
2.142874238231800000e+13,7.642623425451087034e-13
2.368242289187295703e+13,7.630737605256279706e-13
2.617312504966696094e+13,7.619633201406383490e-13
2.892577664004915234e+13,7.609286432143078536e-13
3.196792712533423828e+13,7.599679216906026945e-13
3.533002337008102344e+13,7.590786023503433713e-13
3.904571436354657812e+13,7.582586475819480815e-13
4.315218799008026562e+13,7.575054502902336341e-13
4.769054321796992969e+13,7.568168804128566849e-13
5.270620143173015625e+13,7.561902414806314751e-13
5.824936102458520312e+13,7.556232214214604722e-13
6.437549980086077344e+13,7.551130553482985606e-13
7.114593021649595312e+13,7.546573178886888012e-13
7.862841301471076562e+13,7.542531686080001435e-13
8.689783539829904688e+13,7.538978330305078929e-13
9.603696052592464062e+13,7.535882591104084569e-13
1.061372558336310156e+14,7.533216321251469883e-13
1.172998084716836406e+14,7.530947150642755188e-13
1.296363370187484062e+14,7.529043425379746537e-13
1.432703095989744375e+14,7.527464843954270683e-13
1.583381795924805312e+14,7.526184606733455947e-13
1.749907513066487500e+14,7.525162518021936725e-13
1.933946892763159062e+14,7.524360447459750469e-13
2.137341862984609062e+14,7.523735686931983740e-13
2.362128068956219062e+14,7.523242764112584908e-13
2.610555246580595938e+14,7.522842530339373635e-13
2.885109738550680000e+14,7.522489227398784544e-13
3.188539378503040000e+14,7.522135319289416088e-13
3.523880992260564375e+14,7.521726292496734313e-13
3.894490791405936875e+14,7.521207211048492526e-13
4.304077963375246875e+14,7.520526301347340650e-13
4.756741794252591875e+14,7.519627282425558940e-13
5.257012695802929375e+14,7.518449856413927220e-13
5.809897547355866250e+14,7.516923138370899245e-13
6.420929806336745000e+14,7.514976781608314520e-13
7.096224888968455000e+14,7.512529211677417195e-13
7.842541375412538750e+14,7.509493141286370925e-13
8.667348651910911250e+14,7.505795878106249829e-13
9.578901666914122500e+14,7.501347737315607231e-13
1.058632354937984500e+15,7.496068817055771851e-13
1.169969691611395000e+15,7.489854433162251716e-13
1.293016478198849500e+15,7.482605903915202164e-13
1.429004208297960000e+15,7.474222650993972564e-13
1.579293892818622250e+15,7.464588972654572203e-13
1.745389681437623000e+15,7.453590084033236979e-13
1.928953916634175500e+15,7.441092287037498662e-13
2.131823770972211750e+15,7.426983325014064318e-13
2.356029634140851500e+15,7.411152093698781220e-13
2.603815433776871000e+15,7.393454969759815676e-13
2.877661093446730000e+15,7.373731698925036684e-13
3.180307352555087500e+15,7.351859391135718889e-13
3.514783196586043500e+15,7.327694157748897139e-13
3.884436172207862500e+15,7.301091973750940384e-13
4.292965890645208500e+15,7.271893657672475919e-13
4.744461054631812000e+15,7.239920055877547535e-13
5.243440379521584000e+15,7.205025878960187654e-13
5.794897818110800000e+15,7.167025667333338020e-13
6.404352541796089000e+15,7.125774583623732353e-13
7.077904178296876000e+15,7.081104093060530347e-13
7.822293858779832000e+15,7.032829847576922169e-13
8.644971685365188000e+15,6.980823837189801948e-13
9.554171294253038000e+15,6.924947475635826483e-13
1.055899226072164200e+16,6.865022447256111010e-13
1.166949117073537400e+16,6.800872969720538098e-13
1.289678227063729600e+16,6.732347386168775580e-13
1.425314870226192200e+16,6.659279381330832591e-13
1.575216543674755600e+16,6.581578216255136126e-13
1.740883513740980600e+16,6.499151389753578477e-13
1.923973831143874800e+16,6.411868873939069555e-13
2.126319925318800000e+16,6.319611665374572908e-13
2.349946943987116000e+16,6.222329600128219432e-13
2.597093021515307600e+16,6.119973713569884558e-13
2.870231678915934000e+16,6.012456308881578485e-13
3.172096579677323200e+16,5.899831914357890678e-13
3.505708889186614400e+16,5.782090005340247998e-13
3.874407511568320800e+16,5.659172511299291244e-13
4.281882506559152000e+16,5.530891506722665395e-13
4.732212020866040000e+16,5.397430750276440472e-13
5.229903103629126400e+16,5.258995269046810420e-13
5.779936814484488000e+16,5.115720229085081200e-13
6.387818075683043200e+16,4.967753367666174119e-13
7.059630767202854400e+16,4.815331462496708117e-13
7.802098616264680000e+16,4.658733619726040357e-13
8.622652490653956800e+16,4.498157736346473004e-13
9.529504769343316800e+16,4.333936407283567481e-13
1.053173153474139360e+17,4.166399201792374211e-13
1.163936340917641280e+17,3.995861737194586069e-13
1.286348594473561280e+17,3.822534873057866918e-13
1.421635057119661920e+17,3.647107420319455074e-13
1.571149721245464640e+17,3.470035269172973757e-13
1.736388979863144000e+17,3.291799165916827434e-13
1.919006603011791360e+17,3.112958515127947197e-13
2.120830289243774080e+17,2.934364490346799022e-13
2.343879957846177920e+17,2.756593400305675159e-13
2.590387964871974400e+17,2.580064486251817959e-13
2.862821445309662080e+17,2.405454497849324538e-13
3.163907004999536640e+17,2.233750317342046035e-13
3.496658009421315200e+17,2.065252793573065599e-13
3.864404742468713600e+17,1.900788681042102782e-13
4.270827737050040960e+17,1.740834245348771690e-13
4.719994611098524160e+17,1.586190251393925825e-13
5.216400777659873280e+17,1.437862952804091316e-13
5.765014436496890880e+17,1.295912593302622982e-13
6.371326297502618880e+17,1.160853702655101851e-13
7.041404533570496000e+17,1.033113799521480206e-13
7.781955512908116480e+17,9.131776768686206162e-14
8.600390918624522240e+17,8.013976182730411528e-14
9.504901927345738240e+17,6.979022386563596860e-14
1.050454118926365952e+18,6.028250323096136456e-14
1.160931343010199296e+18,5.162000045199001538e-14
1.283027558177373440e+18,4.379280933934507295e-14
1.417964744387246336e+18,3.679082752414404052e-14
1.567093398353356288e+18,3.059455089306827604e-14
1.731906049768461568e+18,2.516824386417725733e-14
1.914052199043381760e+18,2.046893853391684933e-14
2.115354826061481728e+18,1.644624681897254885e-14
2.337828635174123520e+18,1.304780510294987692e-14
2.583700219038927872e+18,1.021541493868888790e-14
2.855430343107496960e+18,7.886217016099666115e-15
3.155738573793178624e+18,5.998699443844931258e-15
3.487630496805734912e+18,4.492790168724935080e-15
3.854427798063426560e+18,3.310242879680729255e-15
4.259801508242060288e+18,2.397301956353218867e-15
4.707808743683896320e+18,1.704666551927029990e-15
5.202933311381699584e+18,1.188793725020336495e-15
5.750130584426071040e+18,8.120680375491780407e-16
6.354877097045030912e+18,5.425970461704244655e-16
7.023225355599171584e+18,3.540294919087083704e-16
7.761864414099687424e+18,2.252659558367866692e-16
8.578186820509261824e+18,1.394994426509165120e-16
9.480362603846621184e+18,8.390210621473146663e-17
1.047742104258322432e+19,4.890981563546707354e-17
1.157934103269682586e+19,2.756287011909797233e-17
1.279715095981653811e+19,1.497669930006823647e-17
1.414303907501312205e+19,7.823022576062401128e-18
1.563047547891197747e+19,3.917365519967110611e-18
1.727434693498807296e+19,1.873708020631482004e-18
1.909110586129804493e+19,8.525492463985130467e-19
2.109893499181009715e+19,3.675414379185434922e-19
2.331792935531720294e+19,1.494399037320817483e-19
2.577029739323894989e+19,5.701683089537990088e-20
2.848058322916840243e+19,2.030119524711406760e-20
3.147591231470997914e+19,6.704926395817499198e-21
3.478626291011653632e+19,2.040624400748172263e-21
3.844476611679439258e+19,5.681666453732769762e-22
4.248803746450112512e+19,1.435773090325703144e-22
4.695654337187528704e+19,3.264434354272346401e-23
5.189500614795444224e+19,6.614301352397376288e-24
5.735285158807607706e+19,1.181784176886273938e-24
6.338470364385048986e+19,1.840437525396231742e-25
7.005093111802694042e+19,2.466263876468952251e-26
7.741825185576388198e+19,2.803273121307876683e-27
8.556040047924641792e+19,2.659610630091176967e-28
9.455886634856864154e+19,2.068309528867192346e-29
1.045037091346402345e+20,1.291531078734293461e-30
1.154944601666405335e+20,6.327018317955015452e-32
1.276411185750176072e+20,2.377587252019598963e-33
1.410652521997550060e+20,7.052501340701018516e-35
1.559012142821756436e+20,2.987754906164130839e-36
1.722974881173405696e+20,5.466240081290579793e-37
1.904181731247688909e+20,1.593907849450436947e-37
2.104446272105887498e+20,4.631998415404115160e-38
2.325772818584141496e+20,1.301669736468676364e-38
2.570376481150016553e+20,3.529324172187875028e-39
2.840705335472620503e+20,9.225668989175894118e-40
3.139464923586659615e+20,2.323039202260526228e-40
3.469645331866566656e+20,5.635605055111405412e-41
3.834551116815863644e+20,1.319465182621098078e-41
4.237834378179379200e+20,3.000405474369720235e-42
4.683531310385051730e+20,6.742744087767888561e-43
5.176102598134279045e+20,1.562746415396937927e-43
5.720478060433813012e+20,4.057262664521774447e-44
6.322105989881246515e+20,1.297637793480021953e-44
6.987007681008592486e+20,5.194429603427465587e-45
7.721837693421879296e+20,2.406930104880329169e-45
8.533950452870179717e+20,1.188719623329191761e-45
9.431473856810642309e+20,5.986120439965516659e-46
1.042339062113790067e+21,3.019482157239928790e-46
1.151962818222408466e+21,1.516671142653805185e-46
1.273115805403862270e+21,7.572528871552297483e-47
1.407010563474806014e+21,3.758199370855463425e-47
1.554987156177588060e+21,1.854808337931023278e-47
1.718526582988627509e+21,9.114274169727517848e-48
1.899265601458950111e+21,4.466043466886764054e-48
2.099013108433873273e+21,2.187915267562993383e-48
2.319768244100685365e+21,1.075265110222361177e-48
2.563740400055491232e+21,5.327252480907098949e-49
2.833371331636959379e+21,2.676584958989067001e-49
3.131359595834443301e+21,1.373597762519967819e-49
3.460687559353321390e+21,7.250587715524086120e-50
3.824651247143487537e+21,3.959218810640084835e-50
4.226893330124745212e+21,2.242083062531003199e-50
4.671439582261802435e+21,1.315031468743800150e-50
5.162739171863203676e+21,7.948651570268532266e-51
5.705709190353132716e+21,4.916483695243595116e-51
6.305783864175240413e+21,3.088112028175054232e-51
6.968968942357166686e+21,1.956246499636656252e-51
7.701901804065553121e+21,1.242860045271580352e-51
8.511917887727627928e+21,7.887094003870296669e-52
9.407124106564415259e+21,4.985295936337372727e-52
1.039647998530336640e+22,3.133264809342654759e-52
1.148988733011283411e+22,1.956148898351253780e-52
1.269828932920656947e+22,1.212528652508327306e-52
1.403378007594944483e+22,7.459621219366945537e-53
1.550972561060869125e+22,4.553041417754233637e-53
1.714089769217781714e+22,2.755174552840860543e-53
1.894362163910493497e+22,1.651017288681069810e-53
2.093593971856733792e+22,9.780962586132603311e-54
2.313779171954551004e+22,5.715402926313560208e-54
2.557121451693308065e+22,3.285021427995258436e-54
2.826056262398830340e+22,1.851176002092247464e-54
3.123275194048752648e+22,1.019136314022053272e-54
3.451752913609761699e+22,5.460270700863259125e-55
3.814776936504397660e+22,2.835431708118324242e-55
4.215980529170347406e+22,1.421034028761815380e-55
4.659379072012253764e+22,6.842422393594259402e-56
5.149410246678249944e+22,3.151167033341084331e-56
5.690978449869556521e+22,1.380803856717446098e-56
6.289503878191071940e+22,5.728827780496426842e-57
6.950976775300732840e+22,2.236301218208847008e-57
7.682017384281628108e+22,8.155814715790383842e-58
8.489942205259623852e+22,2.764674225321812591e-58
9.382837221395980196e+22,8.624978863270870715e-59
1.036963882612456958e+23,2.458247312581565157e-59
1.146022326158090337e+23,6.335798848793856256e-60
1.266550546335328004e+23,0.000000000000000000e+00
1.399754830082629425e+23,0.000000000000000000e+00
1.546968330643244161e+23,0.000000000000000000e+00
1.709664410210948402e+23,0.000000000000000000e+00
1.889471385834083687e+23,0.000000000000000000e+00
2.088188826159923730e+23,0.000000000000000000e+00
2.307805562122474933e+23,0.000000000000000000e+00
