1.015631471002490230e+03      0.000000000000000000e+00
1.122446365234342238e+03      0.000000000000000000e+00
1.240495079956711379e+03      2.451897077879867047e-24
1.370959086384084458e+03      2.994753918697521642e-24
1.515144112143249004e+03      3.657800784116587359e-24
1.674493209434265964e+03      4.467648085049314713e-24
1.850601197581904671e+03      5.456797853565271788e-24
2.045230624523485858e+03      6.664948165040206279e-24
2.260329406981054035e+03      8.140586363307397783e-24
2.498050325866634921e+03      9.942935030711982855e-24
2.760772572037198643e+03      1.214432880192416140e-23
3.051125558036416805e+03      1.483311741172454891e-23
3.372015234139178574e+03      1.811721148670840937e-23
3.726653172078671105e+03      2.212841338658107537e-23
4.118588707535707726e+03      2.702770690772349670e-23
4.551744463083231494e+03      3.301171814450190762e-23
5.030455607111439349e+03      4.032060680684894592e-23
5.559513241650136479e+03      4.924770470239572303e-23
6.144212353328210156e+03      6.015128821198048523e-23
6.790404807379470185e+03      7.346895723294680340e-23
7.504557915076858080e+03      8.973519767262625927e-23
8.293819160757357167e+03      1.096028323431574823e-22
9.166087736247602152e+03      1.338692211663167910e-22
1.013009359863071040e+04      1.635082622066489576e-22
1.119548484259094039e+04      1.997094778630126379e-22
1.237292426178822097e+04      2.439257549066562153e-22
1.367419606568093877e+04      2.979316543708578305e-22
1.511232381985500615e+04      3.638946315128298984e-22
1.670170079024566076e+04      4.444620242091246373e-22
1.845823399578055978e+04      5.428673010072959406e-22
2.039950341117192147e+04      6.630598330397837900e-22
2.254493791321216850e+04      8.098633981355876152e-22
2.491600973150315986e+04      9.891697786358680248e-22
2.753644934974715943e+04      1.208175222915959079e-21
3.043248300840362572e+04      1.475669260972053386e-21
3.363309518571896479e+04      1.802387465697783072e-21
3.717031868412666518e+04      2.201442317995240524e-21
4.107955522530064627e+04      2.688849468654667382e-21
4.539992976248485502e+04      3.284170518825555153e-21
5.017468205617528292e+04      4.011298117581627851e-21
5.545159943217694672e+04      4.899414887279526103e-21
6.128349505322202458e+04      5.984164664421667683e-21
6.772873649085377110e+04      7.309083065634064294e-21
7.485182988770060183e+04      8.927344797256203866e-21
8.272406555663222389e+04      1.090389784077280550e-20
9.142423147817327117e+04      1.331807017529663098e-20
1.010394018370932463e+05      1.626675366597609979e-20
1.116658084901147813e+05      1.986829291507256099e-20
1.234098040866795636e+05      2.426723517071167157e-20
1.363889264820113895e+05      2.964013195318339496e-20
1.507330750954764953e+05      3.620262527803502723e-20
1.665858109876332455e+05      4.421810292441691551e-20
1.841057936675791861e+05      5.400827018709634946e-20
2.034683690106441791e+05      6.596606249094398172e-20
2.248673241788481828e+05      8.057141722768179263e-20
2.485168271079518599e+05      9.841053797109314620e-20
2.746535699721420533e+05      1.201994244500571806e-19
3.035391380788667593e+05      1.468126129418667155e-19
3.354626279025118565e+05      1.793182809729985163e-19
3.707435404590882245e+05      2.190211257878459307e-19
4.097349789797864505e+05      2.675147382384784724e-19
4.528271828867969452e+05      3.267455751079673128e-19
5.004514334406104172e+05      3.990910987360595560e-19
5.530843701478336006e+05      4.874552218985362334e-19
6.112527611295722891e+05      5.953848910842128724e-19
6.755387751938437577e+05      7.272124905766442733e-19
7.465858083766791970e+05      8.882297872453669268e-19
8.251049232659038389e+05      1.084900403430492242e-18
9.118819655545162968e+05      1.325119353777953533e-18
1.007785429048510501e+06      1.618530073690787885e-18
1.113775147844802355e+06      1.976911678390447108e-18
1.230911902673481032e+06      2.414652015541997616e-18
1.360368037547892891e+06      2.949325524791571773e-18
1.503439192977572326e+06      3.602399133495384869e-18
1.661557273173933849e+06      4.400094569422122948e-18
1.836304777028905693e+06      5.374441766147927757e-18
2.029430636295733973e+06      6.564565729357506793e-18
2.242867719485801179e+06      8.018258633019680430e-18
2.478752176666358486e+06      9.793900403329344363e-18
2.739444818768368568e+06      1.196280508996825800e-17
3.027554745375812519e+06      1.461208748677443124e-17
3.345965457471271977e+06      1.784816544217911279e-17
3.697863716482928954e+06      2.180103894367621961e-17
4.086771438464066479e+06      2.662951840975702353e-17
4.516580942612665705e+06      3.252761294894896895e-17
4.991593906910212710e+06      3.973233620470482600e-17
5.516564420760771260e+06      4.853324470034965474e-17
6.096746565515632741e+06      5.928409365885700921e-17
6.737946999085467309e+06      7.241708094687276147e-17
7.446583070924337953e+06      8.846025456634733650e-17
8.229747049020023085e+06      1.080587872533893075e-16
9.095277101695815101e+06      1.320009784558454746e-16
1.005183574463357590e+07      1.612500356223733157e-16
1.110899653824230656e+07      1.969829211355378748e-16
1.227733990306843631e+07      2.406378378733440984e-16
1.356855901220093295e+07      2.939722768988529909e-16
1.499557682047770359e+07      3.591339793133873536e-16
1.657267540176123753e+07      4.387476881050930972e-16
1.831563888873418048e+07      5.360212058396094720e-16
2.024191144580437988e+07      6.548750556985852474e-16
2.237077185616559163e+07      8.001009974347478345e-16
2.472352647033938766e+07      9.775558133639433230e-16
2.732372244729255885e+07      1.194398197066018400e-15
3.019738342231849954e+07      1.459378302135599678e-15
3.337326996032606438e+07      1.783191603031177714e-15
3.688316740123999119e+07      2.178911258626012868e-15
4.076220397836621106e+07      2.662516236937969353e-15
4.504920239355780184e+07      3.253536153956797236e-15
4.978706836786394566e+07      3.975838208448519509e-15
5.502322005640721321e+07      4.858586873652413864e-15
6.081006262521795183e+07      5.937413252663694339e-15
6.720551273974975944e+07      7.255838323424505429e-15
7.427357821433387697e+07      8.867002768155480118e-15
8.208499862389880419e+07      1.083576571588688214e-14
9.071795328941246867e+07      1.324124543002116552e-14
1.002588437228037119e+08      1.617988646454465150e-14
1.108031583623338640e+08      1.976914951436919514e-14
1.224564282529819012e+08      2.415193105898370673e-14
1.353352832366127074e+08      2.950182821293122837e-14
1.495686192226350307e+08      3.602936720263337475e-14
1.652988882215865254e+08      4.398930737889240671e-14
1.826835240527346134e+08      5.368911040367438667e-14
2.018965179946553707e+08      6.549861721979897757e-14
2.231301601484298110e+08      7.986089104989009798e-14
2.465969639416064322e+08      9.730404603759881769e-14
2.725317930340126157e+08      1.184536664895604882e-13
3.011942119122020006e+08      1.440451050158811394e-13
3.328710836980795264e+08      1.749345019255606137e-13
3.678794411714423299e+08      2.121067723269826104e-13
4.065696597405990958e+08      2.566780649869802222e-13
4.493289641172215343e+08      3.098893716226376623e-13
4.965853037914094925e+08      3.730872500412291843e-13
5.488116360940264463e+08      4.040707764639425284e-13
6.065306597126333714e+08      4.379515462723589897e-13
6.703200460356392860e+08      4.739554394117194326e-13
7.408182206817178726e+08      5.106887760697715398e-13
8.187307530779818296e+08      5.459885211516411909e-13
9.048374180359594822e+08      5.768732605511217941e-13
1.000000000000000000e+09      5.997768288618274699e-13
1.105170918075647831e+09      6.114269318693569326e-13
1.221402758160169840e+09      6.110608345467153042e-13
1.349858807576003075e+09      6.105908781291425960e-13
1.491824697641270399e+09      6.100815471412173020e-13
1.648721270700128078e+09      6.096002762141766428e-13
1.822118800390509129e+09      6.092185219099769143e-13
2.013752707470476627e+09      6.090128144828558862e-13
2.225540928492467880e+09      6.090657057921884425e-13
2.459603111156949997e+09      6.094664849588370588e-13
2.718281828459044933e+09      6.103114725815879312e-13
3.004166023946433544e+09      6.117036255882591872e-13
3.320116922736547947e+09      6.137510896829640755e-13
3.669296667619244576e+09      6.165642344232021235e-13
4.055199966844675541e+09      6.202506234072505684e-13
4.481689070338064194e+09      6.249073678105943495e-13
4.953032424395114899e+09      6.276142588459390603e-13
5.473947391727200508e+09      6.300358927618349767e-13
6.049647464412946701e+09      6.320174290336755699e-13
6.685894442279270172e+09      6.333159252503931268e-13
7.389056098930650711e+09      6.338474915364254396e-13
8.166169912567651749e+09      6.336277295990041440e-13
9.025013499434122086e+09      6.327662040117933222e-13
9.974182454814723969e+09      6.314965188976119504e-13
1.102317638064160538e+10      6.300591524509119790e-13
1.218249396070347404e+10      6.285467161571327045e-13
1.346373803500169182e+10      6.270230218075442042e-13
1.487973172487283707e+10      6.255233578058400591e-13
1.644464677109705544e+10      6.240607679465154140e-13
1.817414536944306564e+10      6.226365689406687651e-13
2.008553692318766785e+10      6.212491815461521015e-13
2.219795128144163513e+10      6.198969257301952570e-13
2.453253019710935211e+10      6.185780399227643076e-13
2.711263892065789413e+10      6.172906968312869443e-13
2.996410004739702606e+10      6.160330206033973970e-13
3.311545195869231033e+10      6.148031001503580880e-13
3.659823444367798615e+10      6.135990002359095065e-13
4.044730436006739807e+10      6.124187741835980086e-13
4.470118449330083466e+10      6.112604708827854778e-13
4.940244910553018951e+10      6.101221432109001364e-13
5.459815003314423370e+10      6.090018560337296215e-13
6.034028759736199951e+10      6.078976889474936156e-13
6.668633104092515564e+10      6.068077430350891894e-13
7.369979369959579468e+10      6.057301438543099461e-13
8.145086866496813965e+10      6.046630447860089927e-13
9.001713130052180481e+10      6.036046276032910875e-13
9.948431564193386841e+10      6.025531045422927624e-13
1.099471724521235199e+11      6.015067186880778296e-13
1.215104175187349701e+11      6.004637471480011972e-13
1.342897796849355316e+11      5.994224954984485872e-13
1.484131591025765991e+11      5.983812978674208071e-13
1.640219072999018555e+11      5.973385197123491246e-13
1.812722418751512146e+11      5.962925520157958697e-13
2.003368099747918396e+11      5.952418103826480876e-13
2.214064162041871643e+11      5.941847330921590965e-13
2.446919322642203979e+11      5.931197761252475252e-13
2.704264074261527710e+11      5.920454182795941062e-13
2.988674009670603027e+11      5.909601424516961254e-13
3.302995599096489258e+11      5.898624446550483479e-13
3.650374678653289185e+11      5.887508285870955473e-13
4.034287934927351074e+11      5.876237943981638072e-13
4.458577700825171509e+11      5.864798389877419356e-13
4.927490410932563477e+11      5.853174597361334255e-13
5.445719101259294434e+11      5.841351278505232446e-13
6.018450378720822754e+11      5.829313165815448882e-13
6.651416330443618164e+11      5.817044561307998435e-13
7.350951892419732666e+11      5.804529646111599137e-13
8.124058251675433350e+11      5.791752201365396192e-13
8.978472916504183350e+11      5.778695703714157622e-13
9.922747156050262451e+11      5.765343319099493145e-13
1.096633158428458496e+12      5.751677809741316240e-13
1.211967074492577393e+12      5.737680922225263805e-13
1.339430764394417969e+12      5.723334430389359914e-13
1.480299927584546387e+12      5.708619253446884973e-13
1.635984429995927002e+12      5.693515691316270147e-13
1.808042414456063232e+12      5.678002993749755189e-13
1.998195895104118896e+12      5.662060004043710399e-13
2.208347991887208984e+12      5.645664246642325691e-13
2.440601977624500488e+12      5.628793127308241114e-13
2.697282328268509766e+12      5.611422197749530533e-13
2.980957987041728516e+12      5.593526359942291122e-13
3.294468075283840332e+12      5.575079055284979886e-13
3.640950307332358398e+12      5.556052695102995335e-13
4.023872393822312988e+12      5.536419119265145757e-13
4.447066747699857422e+12      5.516148408620018631e-13
4.914768840299134766e+12      5.495209574590134354e-13
5.431659591362978516e+12      5.473570176027994429e-13
6.002912217261028320e+12      5.451196937147653861e-13
6.634244006277889648e+12      5.428053529512039510e-13
7.331973539155995117e+12      5.404102685877495832e-13
8.103083927575383789e+12      5.379306420856334226e-13
8.955292703482507812e+12      5.353626834212138890e-13
9.897129058743927734e+12      5.327021468988081699e-13
1.093801920816519141e+13      5.299448178556530856e-13
1.208838073021698828e+13      5.270861933593729956e-13
1.335972682966187305e+13      5.241221482686141653e-13
1.476478156557729297e+13      5.210482778332756545e-13
1.631760719801544922e+13      5.178596824717427299e-13
1.803374492782852344e+13      5.145517317747776921e-13
1.993037043823029688e+13      5.111195655882435739e-13
2.202646579480671875e+13      5.075585244052864896e-13
2.434300942440842188e+13      5.038637863478565573e-13
2.690318607429758984e+13      5.000301656331156350e-13
2.973261885289143359e+13      4.960528513829372562e-13
3.285962567444332812e+13      4.919269129257120969e-13
3.631550267424663281e+13      4.876469236214614930e-13
4.013483743087585156e+13      4.832083003657531206e-13
4.435585513029791406e+13      4.786063225270966223e-13
4.902080113638175000e+13      4.738358950002659071e-13
5.417636379669875000e+13      4.688928180197701108e-13
5.987414171519782031e+13      4.637731371864026684e-13
6.617116016837669531e+13      4.584721670986312504e-13
7.313044183341557812e+13      4.529858071428806584e-13
8.082163754031360938e+13      4.473096046704355259e-13
8.932172336080557812e+13      4.414422435214243775e-13
9.871577101076050000e+13      4.353803997726207899e-13
1.090977992765077344e+14      4.291205150460273278e-13
1.205717149864507344e+14      4.226606493430517439e-13
1.332523529455310156e+14      4.159993596185861902e-13
1.472666252405527188e+14      4.091364038065881966e-13
1.627547914190039062e+14      4.020721766155704386e-13
1.798718622537513438e+14      3.948061985485163196e-13
1.987891511429547500e+14      3.873430031439338334e-13
2.196959886721379062e+14      3.796834896928025375e-13
2.428016174983236562e+14      3.718303808795822814e-13
2.683372865208744688e+14      3.637888867157862522e-13
2.965585652982033125e+14      3.555634162420091390e-13
3.277479018738121875e+14      3.471603231140737355e-13
3.622174496112481875e+14      3.385868824303194764e-13
4.003121913298826250e+14      3.298460357693090357e-13
4.424133920089205000e+14      3.209457091741356750e-13
4.889424146154607500e+14      3.119003932057163069e-13
5.403649372466925000e+14      3.027188118834849498e-13
5.971956137928166250e+14      2.934144535616146996e-13
6.600032247661568750e+14      2.839974349348348034e-13
7.294163698477012500e+14      2.744839760148360364e-13
8.061297591239913750e+14      2.648865284202224068e-13
8.909111659791618750e+14      2.552224035497744817e-13
9.846091112290356250e+14      2.455085695446371469e-13
1.088161355402640500e+15      2.357608854056459424e-13
1.202604284164776750e+15      2.259968148372930287e-13
1.329083280812095250e+15      2.162365861247211979e-13
1.468864189654096500e+15      2.064990703574194788e-13
1.623345985008459500e+15      1.968035025771209120e-13
1.794074772606215000e+15      1.871755922354923499e-13
1.982759263537568750e+15      1.776177428884428129e-13
2.191287875606813000e+15      1.681602194977981454e-13
2.421747633252416500e+15      1.588213726182167903e-13
2.676445055189098500e+15      1.496214180020517020e-13
2.957929238822362500e+15      1.405811858038316174e-13
3.269017372472110500e+15      1.317217976559577513e-13
3.612822930740249000e+15      1.230603430729546419e-13
3.992786835210951500e+15      1.146130401837224851e-13
4.412711892350445500e+15      1.063884873405661869e-13
4.876800853272269000e+15      9.841277689160585956e-14
5.389698476283012000e+15      9.070749539891394885e-14
5.956538013184625000e+15      8.328607409449344887e-14
6.582992584583743000e+15      7.615763541149822550e-14
7.275331958389593000e+15      6.934283918660976559e-14
8.040485299758523000e+15      6.285239519312100942e-14
8.886110520507872000e+15      5.668597405056365064e-14
9.820670922071372000e+15      5.085804948794793282e-14
1.085351989906441000e+16      4.538160826975331429e-14
1.199499455120134200e+16      4.025402637768996571e-14
1.325651914046359600e+16      3.548169321818471619e-14
1.465071942895351800e+16      3.106476682809828107e-14
1.619154904176531000e+16      2.700355047359712514e-14
1.789442911955460200e+16      2.329457541971453411e-14
1.977640265849778800e+16      1.994031400797509508e-14
2.185630508232571200e+16      1.692520056414450134e-14
2.415495275357530000e+16      1.423939464635685849e-14
2.669535131074274400e+16      1.186889715451702757e-14
2.950292591644543600e+16      9.797107125750832370e-15
3.260577572099586800e+16      8.003230242524616445e-15
3.603495508814172000e+16      6.465974188474206994e-15
3.982478439757622400e+16      5.162041249070577819e-15
4.401319353483411200e+16      4.068692002274499661e-15
4.864210150633366400e+16      3.163947288328036293e-15
5.375783597888368800e+16      2.425486597026667794e-15
5.941159694254305600e+16      1.831204283723521562e-15
6.565996913733051200e+16      1.360339585377668942e-15
7.256548837232235200e+16      9.933507074190050181e-16
8.019726740504705600e+16      7.125180995488217894e-16
8.863168764519419200e+16      5.014681375654018758e-16
9.795316360543344000e+16      3.458545894714060515e-16
1.082549877502307520e+17      2.334362614031322348e-16
1.196402641981906880e+17      1.540657487280206668e-16
1.322229406227271520e+17      9.931100129984817996e-17
1.461289486786814080e+17      6.245107394063876465e-17
1.614974643686477440e+17      3.826612364359003987e-17
1.784823009631872320e+17      2.281398528466338670e-17
1.972534484157399680e+17      1.321656053436974005e-17
2.179987746792110720e+17      7.431843860433067052e-18
2.409259059515894400e+17      4.051370731254905264e-18
2.662643046687256000e+17      2.138026149044259546e-18
2.942675660415088000e+17      1.090625882745978609e-18
3.252159561219810560e+17      5.368789868428762677e-19
3.594192168001797760e+17      2.545975989072123503e-19
3.972196658050840960e+17      1.160954943587250009e-19
4.389956227355073920e+17      5.079952857569671912e-20
4.851651954097902720e+17      2.127626975595566971e-20
5.361904644293896320e+17      8.505518089403046198e-21
5.925821078368372480e+17      3.234841084383828665e-21
6.549045121532385280e+17      1.166172891159983346e-21
7.237814209482796800e+17      3.968714497225812545e-22
7.999021774755054080e+17      1.269057851960369794e-22
8.840286238513152000e+17      3.793270683327741777e-23
9.770027258269107200e+17      1.053850870599500441e-23
1.079754999464535040e+18      2.704407560741604610e-24
1.193313824054992128e+18      6.366370833891463432e-25
1.318815734483214592e+18      1.364333588463431066e-25
1.457516796051426048e+18      2.639176981216424354e-26
1.610805175602833152e+18      4.564652715570118754e-27
1.780215034761984000e+18      6.982945688369802046e-28
1.967441884339975936e+18      9.330284123254064110e-29
2.174359553576488448e+18      1.072355235709374561e-29
2.403038944052686848e+18      1.040756909752733813e-30
2.655768755970246144e+18      8.304748526622107969e-32
2.935078394232251392e+18      5.427736866104009045e-33
3.243763283577659392e+18      2.918981852969061889e-34
3.584912846131591680e+18      1.228506954083155965e-35
3.961941421380439552e+18      3.931225614507386417e-37
4.378622438028963328e+18      9.256769891154567462e-39
4.839126179743088640e+18      1.545432201677870364e-40
5.348061522750578688e+18      1.754602619007542486e-42
5.910522063023290368e+18      1.293234866931480244e-44
6.532137094697830400e+18      5.879089892186011615e-47
7.219127949943204864e+18      1.558642776767071852e-49
7.978370264144282624e+18      2.267172942250169605e-52
8.817462789571795968e+18      1.693134963494925986e-55
9.744803446248902656e+18      6.038848804805017760e-59
1.076967337115764941e+19      9.504857777179454499e-63
1.190232980697717146e+19      6.053807870559985254e-67
1.315410876001607885e+19      1.418448559142828645e-71
1.453753845477390950e+19      1.100741301649721471e-76
1.606646472062247936e+19      2.519426595420576088e-82
1.775618956552037376e+19      1.496448572140126948e-88
1.962362432365141197e+19      2.002265052965160981e-95
2.168745890974139597e+19      0.000000000000000000e+00
2.396834887400681882e+19      0.000000000000000000e+00
2.648912212984347034e+19      0.000000000000000000e+00
2.927500742325710848e+19      0.000000000000000000e+00
3.235388683063250125e+19      0.000000000000000000e+00
3.575657481192565146e+19      0.000000000000000000e+00
3.951712661213650125e+19      0.000000000000000000e+00
4.367317909764641587e+19      0.000000000000000000e+00
4.826632743862814310e+19      0.000000000000000000e+00
5.334254140748855706e+19      0.000000000000000000e+00
5.895262545980225126e+19      0.000000000000000000e+00
6.515272720237954662e+19      0.000000000000000000e+00
7.200489933738587750e+19      0.000000000000000000e+00
7.957772070664344371e+19      0.000000000000000000e+00
8.794698265172874035e+19      0.000000000000000000e+00
9.719644755919388672e+19      0.000000000000000000e+00
1.074186871826860278e+20      0.000000000000000000e+00
1.187160091321696420e+20      0.000000000000000000e+00
1.312014808028770959e+20      0.000000000000000000e+00
1.450000609918003282e+20      0.000000000000000000e+00
1.602498505273325322e+20      0.000000000000000000e+00
1.771034744287776604e+20      0.000000000000000000e+00
1.957296094288387768e+20      0.000000000000000000e+00
2.163146721470579671e+20      0.000000000000000000e+00
2.390646848099971236e+20      0.000000000000000000e+00
2.642073371909293015e+20      0.000000000000000000e+00
2.919942654056219607e+20      0.000000000000000000e+00
3.227035703711548703e+20      0.000000000000000000e+00
3.566426011333790269e+20      0.000000000000000000e+00
3.941510309194640916e+20      0.000000000000000000e+00
4.356042567017261957e+20      0.000000000000000000e+00
4.814171562967074734e+20      0.000000000000000000e+00
5.320482406017986724e+20      0.000000000000000000e+00
5.880042425264236790e+20      0.000000000000000000e+00
6.498451885453043302e+20      0.000000000000000000e+00
7.181900036316548301e+20      0.000000000000000000e+00
7.937227056663497277e+20      0.000000000000000000e+00
8.771992513187648635e+20      0.000000000000000000e+00
9.694551019152315515e+20      0.000000000000000000e+00
1.071413585016778523e+21      0.000000000000000000e+00
1.184095135391711494e+21      0.000000000000000000e+00
1.308627507869767959e+21      0.000000000000000000e+00
1.446257064291475128e+21      0.000000000000000000e+00
1.598361247516402909e+21      0.000000000000000000e+00
1.766462367334242976e+21      0.000000000000000000e+00
1.952242836252862972e+21      0.000000000000000000e+00
2.157562007648185876e+21      0.000000000000000000e+00
2.384474784797677847e+21      0.000000000000000000e+00
2.635252187043085681e+21      0.000000000000000000e+00
2.912404078915269689e+21      0.000000000000000000e+00
3.218704289702042665e+21      0.000000000000000000e+00
3.557218374864036430e+21      0.000000000000000000e+00
3.931334297144041931e+21      0.000000000000000000e+00
4.344796334436968301e+21      0.000000000000000000e+00
4.801742553781419114e+21      0.000000000000000000e+00
5.306746226525505323e+21      0.000000000000000000e+00
5.864861599163678196e+21      0.000000000000000000e+00
6.481674477934320026e+21      0.000000000000000000e+00
7.163358133446177194e+21      0.000000000000000000e+00
7.916735084845379617e+21      0.000000000000000000e+00
8.749345381880239751e+21      0.000000000000000000e+00
9.669522068253528031e+21      0.000000000000000000e+00
