# E[eV], EF_E [erg/cm^3s]
4.836209802281038402e-05,0.000000000000000000e+00
5.344838427193390122e-05,0.000000000000000000e+00
5.906959991547306539e-05,4.419805557863096146e-16
6.528200396894464188e-05,5.978244171426711675e-16
7.214777226017674483e-05,8.106140515773669536e-16
7.973561970589209259e-05,1.102099720977061179e-15
8.812148803369157610e-05,1.502584290984123769e-15
9.738930583238693424e-05,2.054557788431372577e-15
1.076318285375292479e-04,2.817413103085794298e-15
1.189515667589820648e-04,3.874555451504934821e-15
1.314618122415605846e-04,5.342605757749742938e-15
1.452877717268941332e-04,7.385122770175248487e-15
1.605678200645763816e-04,1.023030805326590065e-14
1.774548851141735358e-04,1.419698515545025149e-14
1.961179782986400069e-04,1.972796814644218023e-14
2.167438861274474421e-04,2.743859011981590432e-14
2.395390396187550386e-04,3.817815895077091876e-14
2.647315803304179272e-04,5.311827643991603961e-14
2.925736436773854459e-04,7.386232032729224191e-14
3.233438823876739121e-04,1.025988057682286901e-13
3.573502553525289833e-04,1.422834444373555289e-13
3.949331097825222467e-04,1.968802522877980367e-13
4.364685875168196143e-04,2.716226384160396373e-13
4.823723895771454546e-04,3.733200444249400945e-13
5.331039366433185100e-04,5.106091310517114035e-13
5.891709670898368943e-04,6.941963341174211018e-13
6.511346186021931687e-04,9.369148209344842839e-13
7.196150442314208813e-04,1.253684619480334854e-12
7.952976190942883522e-04,1.661050970928431064e-12
8.789397998378126490e-04,2.176524767591677163e-12
9.713787055199793073e-04,2.817293181871810430e-12
1.073539495778651079e-03,3.598923817396111890e-12
1.186444630140157325e-03,4.533710011980061330e-12
1.311224101137921762e-03,5.629481696013662069e-12
1.449126743657514708e-03,6.888578299986850681e-12
1.601532733695945924e-03,8.307839035801534982e-12
1.769967401626952727e-03,9.878967075319490220e-12
1.956116498220023762e-03,1.158993963414426071e-11
2.161843066200747673e-03,1.342644212877151496e-11
2.389206086208556842e-03,1.537382637028959462e-11
2.640481083767029849e-03,1.741848974237676677e-11
2.918182903508193676e-03,1.954931754783133110e-11
3.225090878582802766e-03,2.175823265310958214e-11
3.564276647160758045e-03,2.404080489673315469e-11
3.939134894418251653e-03,2.639610721028848124e-11
4.353417327688028672e-03,2.882667986622522206e-11
4.811270224807417777e-03,3.133789938845158369e-11
5.317275931460431135e-03,3.393766803857145699e-11
5.876498722833677427e-03,3.663559318339860590e-11
6.494535488584475026e-03,3.944263178175022651e-11
7.177571748393764273e-03,4.237046399450363148e-11
7.932443558726178998e-03,4.543135219451993847e-11
8.766705930380648895e-03,4.863763051267513905e-11
9.688708441578021413e-03,5.200191532765788110e-11
1.070767880334607368e-02,5.553673744598027546e-11
1.183381521355310675e-02,5.925469829892985141e-11
1.307838842390006764e-02,6.316847579234147625e-11
1.445385454139153092e-02,6.729084893576406170e-11
1.597397969324157105e-02,7.163470488361754670e-11
1.765397780290156593e-02,7.621332670695459740e-11
1.951066285611978771e-02,8.104008344569274789e-11
2.156261718096237276e-02,8.612900467798501585e-11
2.383037742599786526e-02,9.149421237947006294e-11
2.633664009797929279e-02,9.715067979609598546e-11
2.910648871611172528e-02,1.031136801440227669e-10
3.216764485634360932e-02,1.093993673105631980e-10
3.555074559821670005e-02,1.160243594180954094e-10
3.928965015105485153e-02,1.230062528202687737e-10
4.342177872831235602e-02,1.303632416548076819e-10
4.798848706164666328e-02,1.381145637306106680e-10
5.303548030298126797e-02,1.462803886792621613e-10
5.861327045702881267e-02,1.548819989528077527e-10
6.477768192241063760e-02,1.639413018744054390e-10
7.159041020100294361e-02,1.734819899853999035e-10
7.911963936725474600e-02,1.835281010084124988e-10
8.744072447732290088e-02,1.941059806107782946e-10
9.663694574780284929e-02,2.052419261042389685e-10
1.068003420521255881e-01,2.169649523604357660e-10
1.180326320765410081e-01,2.293042231591863471e-10
1.304462323549161196e-01,2.422915393677363641e-10
1.441653823711916138e-01,2.559589049120108291e-10
1.593273879898968182e-01,2.703407278921485476e-10
1.760839956593894529e-01,2.854725412302627686e-10
1.946029111413153656e-01,3.013919631114792941e-10
2.150694779662414846e-01,3.181378353776871232e-10
2.376885324140008415e-01,3.357511575547210897e-10
2.626864535840350845e-01,3.542744789593558754e-10
2.903134290735043810e-01,3.737527913671182047e-10
3.208459589388535926e-01,3.942324796085711827e-10
3.545896230013149131e-01,4.157632903011106937e-10
3.918821391924601216e-01,4.383967916093375013e-10
4.330967435487804718e-01,4.621871257663911063e-10
4.786459256833797693e-01,4.871912649096274160e-10
5.289855571206678597e-01,5.134691416056430591e-10
5.846194538118072437e-01,5.410836018381413875e-10
6.461044184940772928e-01,5.701013299985272629e-10
7.140558133598328139e-01,6.005911105986070071e-10
7.891537188081408916e-01,6.326262705944271320e-10
8.721497399180027088e-01,6.662829669015564717e-10
9.638745287646177662e-01,7.016419797888641123e-10
1.065246097864522845e+00,7.387868855157987789e-10
1.177279007953437207e+00,7.778048589995653542e-10
1.301094522051089664e+00,8.187890248277594090e-10
1.437931827438395649e+00,8.618353560448693018e-10
1.589160437860287933e+00,9.070430687344264109e-10
1.756293900079548775e+00,9.545167637439395686e-10
1.941004941961577135e+00,1.004365542842895380e-09
2.145142213697048383e+00,1.056702656615983994e-09
2.370748789714389293e+00,1.111645021658742105e-09
2.620082616455385871e+00,1.169314677943655395e-09
2.895639110662042270e+00,1.229837274630511370e-09
3.200176134346119916e+00,1.293344925184167546e-09
3.536741596399077814e+00,1.359969738740904021e-09
3.908703957088699443e+00,1.429850166291101954e-09
4.319785940741640573e+00,1.503126963066847045e-09
4.774101794019711242e+00,1.579947043041187793e-09
5.276198462683359125e+00,1.660454691396224621e-09
5.831101098953086925e+00,1.744797333361822182e-09
6.444363354921899045e+00,1.833124647166416719e-09
7.122122965372104986e+00,1.925585163151393229e-09
7.871163176287940821e+00,2.022324619864846966e-09
8.698980633861369327e+00,2.123485004301042779e-09
9.613860413446847275e+00,2.229203682311487948e-09
1.062495893938017311e+01,2.339608439809375430e-09
1.174239562555086103e+01,2.454817774264978600e-09
1.297735415389750990e+01,2.574932299226493719e-09
1.434219440445572502e+01,2.700037912117747505e-09
1.585057615719174606e+01,2.830193076814868047e-09
1.751759580367156488e+01,2.965431492931762167e-09
1.935993743682184487e+01,3.105753136462047481e-09
2.139603983093948969e+01,3.251107932169875524e-09
2.364628098314251403e+01,3.401407771023047816e-09
2.613318206321432768e+01,3.556498553661710429e-09
2.888163281304061769e+01,3.716165828445642672e-09
3.191914065151189206e+01,3.880116261587171334e-09
3.527610597801711378e+01,4.047976107960195518e-09
3.898612642985899868e+01,4.219266771642912150e-09
4.308633313870052461e+01,4.393419221091929851e-09
4.761776235141083902e+01,4.569751272981173336e-09
5.262576613461679642e+01,4.747466896475183428e-09
5.816046627342875297e+01,4.925659103549380155e-09
6.427725590711297343e+01,5.103310150604355397e-09
7.103735392224736245e+01,5.279294118360029676e-09
7.850841765191479737e+01,5.452413382565448098e-09
8.676522001303318632e+01,5.621396295020166853e-09
9.589039785883940681e+01,5.784957201466418950e-09
1.059752790362926191e+02,5.941799649491671238e-09
1.171207964258624088e+02,6.090681824337270819e-09
1.294384981117213442e+02,6.230473200352349658e-09
1.430516637924642964e+02,6.360190502748734296e-09
1.580965386057665398e+02,6.479029989983611347e-09
1.747236967155170362e+02,6.586447087145571554e-09
1.930995483086589388e+02,6.682155341922118694e-09
2.134080050842733556e+02,6.766164019094705258e-09
2.358523209036791854e+02,6.838742426139454787e-09
2.606571260233912994e+02,6.900443582424996629e-09
2.880706752702310496e+02,6.952009288975404262e-09
3.183673326590728720e+02,6.994401221339335916e-09
3.518503173201225422e+02,7.028655006536006139e-09
3.888547382178883822e+02,7.055877630989464172e-09
4.297509480343291557e+02,7.077127582519266978e-09
4.749482497829793601e+02,7.093464218990464742e-09
5.248989932510769449e+02,7.105812969314914631e-09
5.801031022682757339e+02,7.115006744270623669e-09
6.411130781123625866e+02,7.121727311022696936e-09
7.085395291277437764e+02,7.126548481181126456e-09
7.830572818989954840e+02,7.129936861208079461e-09
8.654121351421338204e+02,7.132269924163821521e-09
9.564283239088380242e+02,7.133795747928314373e-09
1.057016768807884773e+03,7.134723361490857421e-09
1.168184192804764280e+03,7.135218083719883559e-09
1.291043196843500255e+03,7.135405523579389772e-09
1.426823395130849576e+03,7.135336079638417644e-09
1.576883721528573233e+03,7.135078954656453830e-09
1.742726030220279881e+03,7.134682009616944317e-09
1.926010126772874628e+03,7.134179695719525386e-09
2.128570380028571435e+03,7.133558334594011122e-09
2.352434081084805712e+03,7.132868729257324084e-09
2.599841733104940886e+03,7.132111340385208774e-09
2.873269475026969758e+03,7.131283585010534923e-09
3.175453863594288578e+03,7.130371239942680726e-09
3.509419261735361488e+03,7.129407731958961503e-09
3.878508107404430120e+03,7.128375460409140682e-09
4.286414365824001834e+03,7.127277448070663916e-09
4.737220499930354890e+03,7.126093646515335895e-09
5.235438329034806884e+03,7.124856199078815864e-09
5.786054184627830182e+03,7.123532742754776047e-09
6.394578815260580086e+03,7.122138882466300156e-09
7.067102539968631390e+03,7.120648343197663798e-09
7.810356202231871976e+03,7.119087926266014229e-09
8.631778534518420201e+03,7.117428269976802387e-09
9.539590607619391449e+03,7.115687204003932392e-09
1.054287810988855199e+04,7.113836742136511847e-09
1.165168227986517559e+04,7.111896690618232885e-09
1.287710040236435634e+04,7.109843498372696893e-09
1.423139687383330238e+04,7.107688338771638380e-09
1.572812594855324824e+04,7.105406904148827364e-09
1.738226739417201679e+04,7.103021348088969759e-09
1.921037641425347829e+04,7.100498763008358998e-09
2.123074933831929593e+04,7.097849709891479694e-09
2.346360673766427863e+04,7.095062651218956635e-09
2.593129579963037031e+04,7.092142054561608781e-09
2.865851398576869542e+04,7.089064230696239520e-09
3.167255621233576312e+04,7.085847112053173576e-09
3.500358802698969521e+04,7.082444674760393114e-09
3.868494751572993846e+04,7.078897768038752514e-09
4.275347896166748251e+04,7.075160911462991666e-09
4.724990159499394940e+04,7.071248737724918442e-09
5.221921712472346553e+04,7.067143625985440506e-09
5.771116013092223875e+04,7.062837205432346050e-09
6.378069582510201872e+04,7.058326412469932253e-09
7.048857016053159896e+04,7.053599384922935484e-09
7.790191779815444897e+04,7.048650120881669244e-09
8.609493401283996354e+04,7.043458093636199497e-09
9.514961726463267405e+04,7.038035528365979114e-09
1.051565898669005692e+05,7.032351180128962733e-09
1.162160049649067951e+05,7.026411458954092802e-09
1.284385489021501417e+05,7.020189285610609374e-09
1.419465490064931801e+05,7.013686314753964047e-09
1.568751978831760644e+05,7.006890984693888300e-09
1.733739064678485156e+05,6.999775399782947992e-09
1.916077993814335496e+05,6.992343928743458677e-09
2.117593675528335443e+05,6.984595925747767962e-09
2.340302946494834032e+05,6.976485797104254990e-09
2.586434755952840787e+05,6.968017987988219031e-09
2.858452473779162974e+05,6.959195686905000495e-09
3.159078544722126098e+05,6.949984786324100823e-09
3.491321735543631366e+05,6.940365754423202309e-09
3.858507247768216766e+05,6.930333071788121934e-09
4.264309997417543782e+05,6.919890081669923926e-09
4.712791394805107266e+05,6.908982725203992562e-09
5.208439992495772894e+05,6.897640688913535228e-09
5.756216408248472726e+05,6.885817449214663273e-09
6.361602972546073142e+05,6.873498552327720827e-09
7.030658597601512447e+05,6.860692239501167764e-09
7.770079416987706209e+05,6.847344374734117891e-09
8.587265802792995237e+05,6.833467055940543845e-09
9.490396431032351684e+05,6.819041065960326237e-09
1.048851013658587122e+06,6.804038419044794577e-09
1.159159637689634925e+06,6.788444111548779155e-09
1.281069520981688285e+06,6.772251740355726907e-09
1.415800778622062644e+06,6.755419705965407098e-09
1.564701846321961842e+06,6.737949575441648015e-09
1.729262976014303509e+06,6.719825094301728573e-09
1.911131150795954745e+06,6.701011871248195754e-09
2.112126568488133606e+06,6.681499661649004270e-09
2.334260858787997626e+06,6.661271207142216205e-09
2.579757216334781609e+06,6.640308027262353438e-09
2.851072651188988239e+06,6.618576111786027648e-09
3.150922579414904583e+06,6.596074576233548145e-09
3.482307999877257273e+06,6.572776652604590216e-09
3.848545529246521182e+06,6.548674132942785485e-09
4.253300595813306049e+06,6.523719058692743445e-09
4.700624124326691031e+06,6.497925189868402176e-09
5.194993079010667279e+06,6.471260548260362260e-09
5.741355270526853390e+06,6.443695974997822808e-09
6.345178875326621346e+06,6.415214600489703781e-09
7.012507162998925894e+06,6.385821213089316920e-09
7.750018979343580082e+06,6.355477499063177928e-09
8.565095590504838154e+06,6.324159269662595574e-09
9.465894557163912803e+06,6.291846991417534839e-09
1.046143137814811617e+07,6.258563860017554195e-09
1.156166972057334147e+07,6.224253464028042427e-09
1.277762113957345672e+07,6.188896626240539060e-09
1.412145528564520180e+07,6.152492758152390369e-09
1.560662170260071382e+07,6.115048627506065952e-09
1.724798443512255698e+07,6.076501585858075586e-09
1.906197079311887547e+07,6.036876047129568218e-09
2.106673576176236942e+07,5.996139814782458984e-09
2.328234370268399641e+07,5.954298046335039607e-09
2.573096916484804451e+07,5.911330080095781354e-09
2.843711881489129364e+07,5.867222669485309233e-09
3.142787670807968825e+07,5.821983897397946004e-09
3.473317535463669151e+07,5.775600482163827822e-09
3.838609529436628520e+07,5.728062596320172242e-09
4.242319617781408876e+07,5.679374484918162499e-09
4.688488266753809899e+07,5.629532162502908123e-09
5.181580882155210525e+07,5.578540290609636972e-09
5.726532500614698231e+07,5.526404510601927641e-09
6.328797181094378978e+07,5.473118897454863977e-09
6.994402590944646299e+07,5.418697328445098361e-09
7.730010332824984193e+07,5.363172729294896937e-09
8.542982616262428463e+07,5.306525493373128641e-09
9.441455941119047999e+07,5.248787987018271939e-09
1.043442253041731417e+08,5.189974161020637003e-09
1.153182032753052562e+08,5.130114434350149320e-09
1.274463245846032649e+08,5.069236584610819948e-09
1.408499715465329885e+08,5.007368492981068705e-09
1.556632923650106788e+08,4.944527539800182826e-09
1.720345437337168157e+08,4.880770977698979694e-09
1.901275746389169991e+08,4.816140482619766556e-09
2.101234662151880860e+08,4.750678106903921320e-09
2.322223440662767887e+08,4.684417879809213591e-09
2.566453811894060075e+08,4.617439611925158910e-09
2.836370115489703417e+08,4.549786644412366868e-09
3.134673764538086057e+08,4.481545094136337275e-09
3.464350282222204208e+08,4.412753082773681926e-09
3.828699181939142346e+08,4.343513213254026018e-09
4.231366989939163327e+08,4.273880774163057384e-09
4.676383740986053348e+08,4.203967604172717947e-09
5.168203312299588323e+08,4.133849338656988839e-09
5.711747999455739260e+08,4.063624153079757361e-09
6.312457780375243425e+08,3.993384791413000008e-09
6.976344760451073647e+08,3.923262860503474933e-09
7.710053343719943762e+08,3.853347609849909359e-09
8.520926732291187048e+08,3.783772711936461588e-09
9.417080419581581354e+08,3.714650090808618242e-09
1.040748341290118217e+09,3.646119299389450962e-09
1.150204799829307318e+09,3.578303540848954478e-09
1.271172894602371693e+09,3.511357356851190987e-09
1.404863314960582495e+09,3.445417924699361247e-09
1.552614079565784216e+09,3.380637581772464827e-09
1.715903927730893612e+09,3.317152846453057748e-09
1.896367119139962196e+09,3.255150625986121781e-09
2.095809790068382263e+09,3.194769858075379759e-09
2.316228029801805973e+09,3.136186318760877495e-09
2.559827858168609619e+09,3.079547878218981548e-09
2.829047304127821922e+09,3.025061022683378756e-09
3.126580806382379532e+09,2.972855765331366551e-09
3.455406180227312565e+09,2.923139224235740598e-09
3.818814420526087761e+09,2.876049855551472717e-09
4.220442639093337059e+09,2.831791247434260880e-09
4.664310466132394791e+09,2.790508391692542824e-09
5.154860280045388222e+09,2.752394469136551346e-09
5.697001668249450684e+09,2.717585506769071381e-09
6.296160563977745056e+09,2.686286826362358669e-09
6.958333550842968941e+09,2.658607317458267370e-09
7.690147878661709785e+09,2.634741954113975067e-09
8.498927791198051453e+09,2.614797533284525004e-09
9.392767829656984329e+09,2.598959257870389082e-09
1.038061384557342339e+10,2.587302532905812130e-09
1.147235253390115547e+10,2.579994538990609965e-09
1.267891038237902832e+10,2.577106644719543433e-09
1.401236302749268532e+10,2.578774136758980230e-09
1.548605611150334549e+10,2.585040052745473265e-09
1.711473885012115669e+10,2.596021548436219574e-09
1.891471164761334610e+10,2.611729238799913920e-09
2.090398923672900009e+10,2.632243911921511453e-09
2.310248097619923401e+10,2.657549779060898585e-09
2.553219011029128647e+10,2.687703112878983647e-09
2.821743398467260742e+10,2.722640508701171772e-09
3.118508742257958984e+10,2.762381965331321088e-09
3.446485169708163452e+10,2.806829848721997546e-09
3.808955179140473938e+10,2.855964828388243063e-09
4.209546492239669800e+10,2.909648466869682402e-09
4.652268361510639191e+10,2.967821244747784213e-09
5.141551696225000763e+10,3.030300006657631991e-09
5.682293408450389862e+10,3.096986079201072967e-09
6.279905422992317200e+10,3.167655473211651650e-09
6.940368841756654358e+10,3.242163574116133736e-09
7.670293804627819824e+10,3.320248698403676233e-09
8.476985645970489502e+10,3.401721520357048235e-09
9.368518008871292114e+10,3.486279925227125658e-09
1.035381364887251892e+11,3.573694760875330795e-09
1.144273373590860901e+11,3.663626003344457542e-09
1.264617654820929718e+11,3.755805130389100898e-09
1.397618654593121338e+11,3.849856355590084362e-09
1.544607491616330566e+11,3.945475149493772922e-09
1.707055279576142578e+11,4.042253728053407491e-09
1.886587850535046387e+11,4.139853629119511079e-09
2.085002026806179199e+11,4.237837961540673449e-09
2.304283604154974365e+11,4.335839851245859057e-09
2.546627226310614319e+11,4.433398459294291045e-09
2.814458349698140259e+11,4.530120818918721083e-09
3.110457518221564941e+11,4.625525615374247383e-09
3.437587191048232422e+11,4.719201075879822315e-09
3.799121391895860596e+11,4.810650600226145713e-09
4.198678476562379150e+11,4.899447610228014792e-09
4.640257346646904297e+11,4.985087066946407942e-09
5.128277471901027222e+11,5.067133416379747259e-09
5.667623121767525635e+11,5.145079564356269236e-09
6.263692248790583496e+11,5.218489200642129134e-09
6.922450513139204102e+11,5.286860203364685916e-09
7.650490988939289551e+11,5.349763802891243477e-09
8.455100149975500488e+11,5.406711778216116668e-09
9.344330795169982910e+11,5.457293173217042857e-09
1.032708264370055176e+12,5.501043680320122324e-09
1.141319140638162109e+12,5.537581046575976165e-09
1.261352722476386475e+12,5.566476927791802650e-09
1.394010346316445068e+12,5.587390617113171041e-09
1.540619694245499023e+12,5.599942634221835476e-09
1.702648081894721436e+12,5.603847972893549844e-09
1.881717143827328857e+12,5.598790429309651512e-09
2.079619063402333740e+12,5.584555550886514097e-09
2.298334509547974609e+12,5.560905565568790455e-09
2.540052459962082520e+12,5.527711830187957165e-09
2.807192109136601074e+12,5.484829871730544571e-09
3.102427080469209473e+12,5.432231443240271363e-09
3.428712184784906250e+12,5.369879238915918591e-09
3.789312993075892578e+12,5.297857903642497165e-09
4.187838519433670410e+12,5.216248633262930095e-09
4.628277341275069336e+12,5.125258250906899318e-09
5.115037518365683594e+12,5.025093844234986694e-09
5.652990710163583984e+12,4.916089039786641574e-09
6.247520933024593750e+12,4.798579095711546128e-09
6.904578445247625000e+12,4.673023301921813405e-09
7.630739299259644531e+12,4.539881269087601910e-09
8.433271156958701172e+12,4.399730393536778570e-09
9.320206026916923828e+12,4.253144244990564192e-09
1.030042065142195508e+13,4.100804126056392997e-09
1.138372534789738086e+13,3.943380612693821728e-09
1.258096219385676367e+13,3.781638345638161728e-09
1.390411353805968750e+13,3.616321953302782445e-09
1.536642192388546289e+13,3.448253308202998115e-09
1.698252262515824805e+13,3.278223078892171840e-09
1.876859012088662891e+13,3.107079960614956068e-09
2.074249997488579688e+13,2.935629064864854814e-09
2.292400774042862891e+13,2.764712785006258405e-09
2.533494668046275000e+13,2.595117203956387877e-09
2.799944628224458594e+13,2.427644534847132207e-09
3.094417375335806641e+13,2.263028543553643082e-09
3.419860091609108203e+13,2.101998710957702498e-09
3.779529917133906250e+13,1.945205503782883015e-09
4.177026548413253125e+13,1.793276612769948108e-09
4.616328265336226562e+13,1.646752662750758299e-09
5.101831747140207031e+13,1.506136082541993069e-09
5.638396075854426562e+13,1.371837495840998870e-09
6.231391367626162500e+13,1.244217891323671973e-09
6.886752518648070312e+13,1.123545653107254931e-09
7.611038603594064062e+13,1.010032715303121651e-09
8.411498521043257812e+13,9.038017945501126516e-10
9.296143542893326562e+13,8.049172833255867285e-10
1.027382749386241875e+14,7.133618547325528598e-10
1.135433536354275312e+14,6.290627406407952123e-10
1.254848123786533125e+14,5.518766104767751754e-10
1.386821653010668906e+14,4.816117634044113623e-10
1.532674959464987812e+14,4.180199391512982794e-10
1.693867792063475625e+14,3.608148385925110046e-10
1.872013422853560938e+14,3.096693008517359457e-10
2.068894793185004688e+14,2.642304741775913645e-10
2.286482357986202188e+14,2.241207594674159336e-10
2.526953806739377500e+14,1.889498853741352991e-10
2.792715858528914062e+14,1.583181369671211536e-10
3.086428349294825000e+14,1.318255096079813538e-10
3.411030852364860000e+14,1.090759059052551607e-10
3.769772098692436875e+14,8.968357755582876658e-11
4.166242491247872500e+14,7.327723758994368046e-11
4.604410038978190000e+14,5.950405783985813518e-11
5.088660069974262500e+14,4.803298813407653635e-11
5.623839121308333750e+14,3.855660774037366174e-11
6.215303444806082500e+14,3.079329357153155090e-11
6.868972614215060000e+14,2.448736464634578731e-11
7.591388770288550000e+14,1.940995616225923312e-11
8.389782096728968750e+14,1.535788863614726134e-11
9.272143182296567500e+14,1.215344809477119081e-11
1.024730299330757000e+15,9.642403792740546584e-12
1.132502125691303250e+15,7.692964007130324199e-12
1.251608413972882000e+15,6.193384066913269418e-12
1.383241219941617250e+15,5.050400716439195207e-12
1.528717968962952500e+15,4.186802803351036992e-12
1.689494641237527750e+15,3.539719042792777386e-12
1.867180343740362000e+15,3.058342724421987382e-12
2.063553414704342000e+15,2.702340011174572701e-12
2.280579221826938500e+15,2.439954337940552030e-12
2.520429832330718500e+15,2.246623288518574225e-12
2.785505751742195000e+15,2.103504289985462589e-12
3.078459948957911500e+15,1.996431881601810539e-12
3.402224408048930500e+15,1.914826047567460912e-12
3.760039472542819000e+15,1.850955751742563792e-12
4.155486275870812500e+15,1.799226007306206967e-12
4.592522582554907000e+15,1.755663600884577649e-12
5.075522398845358000e+15,1.717490844873436144e-12
5.609319749245425000e+15,1.682786016255913598e-12
6.199257057053437000e+15,1.650265646860051383e-12
6.851238613130669000e+15,1.619075345820692114e-12
7.571789668028959000e+15,1.588630839198090065e-12
8.368121738891279000e+15,1.558565502125720403e-12
9.248204784739242000e+15,1.528651313651841435e-12
1.022084697250188000e+16,1.498766871614388020e-12
1.129578283211058000e+16,1.468802988532741729e-12
1.248377068294680800e+16,1.438722622616750739e-12
1.379670030671819800e+16,1.408552096047055608e-12
1.524771194439028800e+16,1.378299055780798715e-12
1.685132780813485600e+16,1.347973345434447166e-12
1.862359742451004800e+16,1.317614071853947592e-12
2.058225826351706800e+16,1.287251687460245810e-12
2.274691326116127600e+16,1.256901281704232580e-12
2.513922701222467600e+16,1.226594406359298151e-12
2.778314259681250800e+16,1.196386129849815365e-12
3.070512121074584000e+16,1.166334199169906827e-12
3.393440699810407600e+16,1.136550402571987118e-12
3.750331973644741600e+16,1.107028275060870672e-12
4.144757830401405600e+16,1.077834902026182610e-12
4.580665816625957600e+16,1.048977034799350767e-12
5.062418645958233600e+16,1.020529602819333507e-12
5.594837862636947200e+16,9.925463950674585839e-13
6.183252097134878400e+16,9.650817096420055014e-13
6.833550396883711200e+16,9.381880220793895772e-13
7.552241165840188800e+16,9.119271592157861182e-13
8.346517302780283200e+16,8.863637355413888899e-13
9.224328190247977600e+16,8.615629318227827824e-13
1.019445925464744800e+17,8.375950548446568526e-13
1.126661989374347680e+17,8.145215078462679509e-13
1.245154065157785280e+17,7.924065068310144650e-13
1.376108061336051360e+17,7.713282704789446197e-13
1.520834609518065600e+17,7.513866640923339723e-13
1.680782181642302080e+17,7.327779981544969348e-13
1.857551586770808960e+17,7.158148271180257607e-13
2.052911992524374080e+17,7.003629662595160428e-13
2.268818631506664640e+17,6.865636668085772667e-13
2.507432369929358400e+17,6.745407353757589825e-13
2.771141334287429440e+17,6.644169929053128767e-13
3.062584812531807360e+17,6.563794495679035083e-13
3.384679668950317440e+17,6.506097687294733185e-13
3.740649537125793280e+17,6.472898250644190746e-13
4.134057083144565760e+17,6.465889507541463545e-13
4.568839661956019840e+17,6.487364859313578017e-13
5.049348723744355200e+17,6.537599114293355462e-13
5.580393364704657280e+17,6.611446364655239064e-13
6.167288458093884160e+17,6.721806042603445831e-13
6.815907847268974080e+17,6.877841594985649523e-13
7.532743133085273600e+17,7.052706936602034249e-13
8.324968644019864320e+17,7.266942249274594529e-13
9.200513239262424320e+17,7.525809870341766254e-13
1.016813966340278400e+18,7.829406142397926086e-13
1.123753224692427776e+18,8.180548303859397689e-13
1.241939383023801600e+18,8.588092795507301398e-13
1.372555288130715392e+18,9.074811935116219046e-13
1.516908187893009920e+18,9.629803386242541641e-13
1.676442814650181120e+18,1.025882902134234149e-12
1.852755844568265984e+18,1.096897071992639711e-12
2.047611877711535360e+18,1.176604370842468826e-12
2.262961098753053696e+18,1.265763285119610002e-12
2.500958795078391808e+18,1.365154620862917294e-12
2.763986927626145792e+18,1.475596112804727876e-12
3.054677970353680384e+18,1.597846431672641090e-12
3.375941256921237504e+18,1.731230790550446750e-12
3.730992098281092608e+18,1.872411145867988031e-12
4.123383962590307840e+18,2.026653339821179831e-12
4.557044039514321920e+18,2.196812698493692543e-12
5.036312544861208576e+18,2.388331852042092484e-12
5.565986158920171520e+18,2.593257592184122688e-12
6.151366033250140160e+18,2.806634788695993775e-12
6.798310846386420736e+18,3.034535320487089016e-12
7.513295439464498176e+18,3.275901488488219770e-12
8.303475618606568448e+18,3.530330580850484785e-12
9.176759772634189824e+18,3.796982525156630856e-12
1.014188802288177766e+19,4.073617237735070134e-12
1.120851969726868275e+19,4.358997119862549501e-12
1.238733000409938534e+19,4.649439389255032173e-12
1.369011687313655603e+19,4.942491943181175587e-12
1.512991903324726067e+19,5.237543498805331392e-12
1.672114650838405325e+19,5.541669203683073473e-12
1.847972483794823987e+19,5.842249472303853838e-12
2.042325446494056448e+19,6.133592777712512946e-12
2.257118688711096320e+19,6.406995149926389902e-12
2.494501933408547635e+19,6.662162713050667532e-12
2.756850991886596506e+19,6.896355753112006016e-12
3.046791541701074534e+19,7.103828385665831512e-12
3.367225405326887731e+19,7.276253088531339516e-12
3.721359592572765798e+19,7.413623151864228690e-12
4.112738397413267866e+19,7.509888365415268707e-12
4.545278870474178560e+19,7.562333113056379056e-12
5.023310022191797862e+19,7.566892904204593727e-12
5.551616149004298650e+19,7.525319096547413931e-12
6.135484716198681805e+19,7.448096716798685038e-12
6.780759276640410010e+19,7.323894909522343075e-12
7.493897955014631424e+19,7.152164933170130872e-12
8.282038082908751462e+19,6.932621193427548277e-12
9.153067631625720627e+19,6.666834397036428650e-12
1.011570415765230551e+20,6.358970090895569109e-12
1.117958205089425981e+20,6.015900975202601494e-12
1.235534895888881582e+20,5.646135985399202489e-12
1.365477235204016701e+20,5.258391431381570176e-12
1.509085729641817047e+20,4.852824309617922185e-12
1.667797661283107799e+20,4.438419275728952076e-12
1.843201472484672799e+20,4.018713556374849122e-12
2.037052663544267080e+20,3.601461139263032618e-12
2.251291362337664860e+20,3.194608533070472276e-12
2.488061741770486579e+20,2.801074041223361885e-12
2.749733479381387837e+20,2.427172800662358057e-12
3.038925473871277588e+20,2.081408076151900109e-12
3.358532055921784914e+20,1.762019912078143288e-12
3.711751955629576028e+20,1.472426206052701923e-12
4.102120316472210883e+20,1.216107953418558730e-12
4.533544076212365558e+20,9.875945544487908308e-13
5.010341068844040847e+20,7.900457124768206664e-13
5.537283238926479524e+20,6.227351646261242444e-13
6.119644400809280799e+20,4.838395872804013697e-13
6.763253020738874245e+20,3.697519863106351462e-13
7.474550550107889336e+20,2.775376334196497552e-13
8.260655893665584251e+20,2.049627757768043879e-13
9.129436657909385134e+20,1.486535790749567259e-13
1.008958789273520177e+21,1.060286481624673874e-13
1.115071911441907843e+21,7.397928699159745722e-14
1.232345048088622399e+21,5.013753218200651586e-14
1.361951908182082716e+21,3.319125202032157159e-14
1.505189640740469211e+21,2.149584889442211858e-14
1.663491817135100920e+21,1.360476845596127816e-14
1.838442778754522808e+21,8.351070674977267504e-15
2.031793493625684099e+21,4.969824464813306551e-15
2.245479080690427888e+21,2.865513249961220092e-15
2.481638177126304711e+21,1.601376519692466753e-15
2.742634342546239652e+21,8.565608819466349778e-16
3.031079714297631736e+21,4.406640508596374623e-16
3.349861150610790285e+21,2.170720853471331279e-16
3.702169123246477148e+21,1.020218458321503424e-16
4.091529648809631023e+21,4.550157802589112653e-17
4.521839578308646273e+21,1.906627177238111586e-17
4.997405598150172869e+21,7.556893329655437174e-18
5.522987332904015626e+21,2.811065180176132502e-18
6.103844981225711206e+21,9.743545158784122980e-19
6.745791961692663448e+21,3.130748692071413842e-19
7.455253095451164934e+21,9.279152840867607553e-20
8.239328907986087182e+21,2.533072865271158618e-20
9.105866693566220206e+21,6.271167544097530878e-21
1.006353905360305547e+22,1.414310105485326503e-21
1.112193069496064069e+22,2.906619985662976660e-22
1.229163435692330582e+22,5.441221895426003557e-23
1.358435682689111976e+22,9.289619380744512930e-24
1.501303610584247514e+22,1.460670874585149151e-24
1.659197089619679327e+22,2.116477850897352487e-25
1.833696370803426407e+22,2.778281933594325878e-26
2.026547901592794196e+22,3.307051016567846362e-27
2.239681804927588788e+22,3.475957700395215574e-28
2.475231196549150776e+22,3.136050742245164542e-29
2.735553533939712157e+22,2.355209122492906682e-30
3.023254210549238465e+22,1.427998350226397330e-31
3.341212631448750024e+22,6.782154438129491678e-33
3.692611031384170745e+22,2.446395014321648003e-34
4.080966323651113858e+22,6.483049244308680752e-36
4.510165298545308153e+22,1.216784446449529129e-37
4.984503523666253211e+22,1.552544328685051614e-39
5.508728335401502324e+22,1.286705343905920523e-41
6.088086351865021098e+22,6.586504361265446411e-44
6.728375982814494143e+22,1.970548802053444024e-46
7.436005462085243345e+22,3.243986676367928165e-49
8.218056983348290100e+22,2.751405442188058867e-52
9.082357581084966781e+22,1.119825153663245846e-55
1.003755746617900516e+23,2.020096347318340379e-59
1.109321660013413967e+23,1.481230220467384581e-63
1.225990037438227777e+23,4.014167601262879993e-68
1.354928535227205555e+23,3.620259054546163812e-73
1.497427613203934699e+23,9.677568837930377796e-79
1.654913450036420747e+23,6.747183975299974340e-85
1.828962216912491307e+23,1.065179514698838932e-91
2.021315852390852261e+23,0.000000000000000000e+00
2.233899496307661755e+23,0.000000000000000000e+00
2.468840757223050980e+23,0.000000000000000000e+00
2.728491006242780569e+23,0.000000000000000000e+00
3.015448910330485738e+23,0.000000000000000000e+00
3.332586440640158792e+23,0.000000000000000000e+00
3.683077616168744591e+23,0.000000000000000000e+00
4.070430270405055831e+23,0.000000000000000000e+00
4.498521158906468882e+23,0.000000000000000000e+00
4.971634759171395719e+23,0.000000000000000000e+00
