1.015631471002490230e+03       0.000000000000000000e+00
1.122446365234342238e+03       0.000000000000000000e+00
1.240495079956711379e+03       2.733742129081274352e-26
1.370959086384084458e+03       3.339000245793544015e-26
1.515144112143249004e+03       4.078264203167096813e-26
1.674493209434265964e+03       4.981203272408294195e-26
1.850601197581904671e+03       6.084055586165960018e-26
2.045230624523485858e+03       7.431082503610004417e-26
2.260329406981054035e+03       9.076344976312698791e-26
2.498050325866634921e+03       1.108587320692523731e-25
2.760772572037198643e+03       1.354031667693112623e-25
3.051125558036416805e+03       1.653818089874552007e-25
3.372015234139178574e+03       2.019978079486186896e-25
3.726653172078671105e+03       2.467206936767192091e-25
4.118588707535707726e+03       3.013453545229701889e-25
4.551744463083231494e+03       3.680640725112707698e-25
5.030455607111439349e+03       4.495545075477425161e-25
5.559513241650136479e+03       5.490871616309250853e-25
6.144212353328210156e+03       6.706566360073962865e-25
6.790404807379470185e+03       8.191419491220383376e-25
7.504557915076858080e+03       1.000502349537491802e-24
8.293819160757357167e+03       1.222016482553277954e-24
9.166087736247602152e+03       1.492574509216020578e-24
1.013009359863071040e+04       1.823034901610845341e-24
1.119548484259094039e+04       2.226660234055182999e-24
1.237292426178822097e+04       2.719649460259999426e-24
1.367419606568093877e+04       3.321788038925764162e-24
1.511232381985500615e+04       4.057242000022737107e-24
1.670170079024566076e+04       4.955527820999303775e-24
1.845823399578055978e+04       6.052697038233178647e-24
2.039950341117192147e+04       7.392783137391689456e-24
2.254493791321216850e+04       9.029568792907344749e-24
2.491600973150315986e+04       1.102874438400543387e-23
2.753644934974715943e+04       1.347054441869046344e-23
3.043248300840362572e+04       1.645296767812473782e-23
3.363309518571896479e+04       2.009571032179984141e-23
3.717031868412666518e+04       2.454496980916386722e-23
4.107955522530064627e+04       2.997931244450863511e-23
4.539992976248485502e+04       3.661684004185067761e-23
5.017468205617528292e+04       4.472394334882559366e-23
5.545159943217694672e+04       5.462599355628272971e-23
6.128349505322202458e+04       6.672040100980404142e-23
6.772873649085377110e+04       8.149256525343383257e-23
7.485182988770060183e+04       9.953535658861698888e-23
8.272406555663222389e+04       1.215729110815337815e-22
9.142423147817327117e+04       1.484896940902608902e-22
1.010394018370932463e+05       1.813659988603038327e-22
1.116658084901147813e+05       2.215213050433848626e-22
1.234098040866795636e+05       2.705672375006233736e-22
1.363889264820113895e+05       3.304722511252764030e-22
1.507330750954764953e+05       4.036406381356417009e-22
1.665858109876332455e+05       4.930090292469819201e-22
1.841057936675791861e+05       6.021642624206975962e-22
2.034683690106441791e+05       7.354873507127266223e-22
2.248673241788481828e+05       8.983293285529703660e-22
2.485168271079518599e+05       1.097226035668085194e-21
2.746535699721420533e+05       1.340160461221448719e-21
3.035391380788667593e+05       1.636883180388504690e-21
3.354626279025118565e+05       1.999303748233525019e-21
3.707435404590882245e+05       2.441968765129681876e-21
4.097349789797864505e+05       2.982645808567723900e-21
4.528271828867969452e+05       3.643036677913082688e-21
5.004514334406104172e+05       4.449648592394403483e-21
5.530843701478336006e+05       5.434858327132592804e-21
6.112527611295722891e+05       6.638212022449564054e-21
6.755387751938437577e+05       8.108012869718934863e-21
7.465858083766791970e+05       9.903260443475360060e-21
8.251049232659038389e+05       1.209601957973697224e-20
9.118819655545162968e+05       1.477431396315303641e-20
1.007785429048510501e+06       1.804566067554381481e-20
1.113775147844802355e+06       2.204138772483987362e-20
1.230911902673481032e+06       2.692190805415892782e-20
1.360368037547892891e+06       3.288316199418532123e-20
1.503439192977572326e+06       4.016448711845089941e-20
1.661557273173933849e+06       4.905823188555962899e-20
1.836304777028905693e+06       5.992149962133297367e-20
2.029430636295733973e+06       7.319049513915645346e-20
2.242867719485801179e+06       8.939805108070951417e-20
2.478752176666358486e+06       1.091950391149225296e-19
2.739444818768368568e+06       1.333765276366019890e-19
3.027554745375812519e+06       1.629137388874634441e-19
3.345965457471271977e+06       1.989930922222661217e-19
3.697863716482928954e+06       2.430639060289451111e-19
4.086771438464066479e+06       2.968966801640715633e-19
4.516580942612665705e+06       3.626543078482900094e-19
4.991593906910212710e+06       4.429790881075964176e-19
5.516564420760771260e+06       5.410990482412885144e-19
6.096746565515632741e+06       6.609578663751142311e-19
6.737946999085467309e+06       8.073736386362558725e-19
7.446583070924337953e+06       9.862329026615891913e-19
8.229747049020023085e+06       1.204727756470647332e-18
9.095277101695815101e+06       1.471645657218175225e-18
1.005183574463357590e+07       1.797723618910528736e-18
1.110899653824230656e+07       2.196081138486088681e-18
1.227733990306843631e+07       2.682749371554294424e-18
1.356855901220093295e+07       3.277317981710454390e-18
1.499557682047770359e+07       4.003725858142294374e-18
1.657267540176123753e+07       4.891227726926607145e-18
1.831563888873418048e+07       5.975575805014271964e-18
2.024191144580437988e+07       7.300464345098695042e-18
2.237077185616559163e+07       8.919295536331811620e-18
2.472352647033938766e+07       1.089733817248458456e-17
2.732372244729255885e+07       1.331436627052979432e-17
3.019738342231849954e+07       1.626788400942121907e-17
3.337326996032606438e+07       1.987706666091347653e-17
3.688316740123999119e+07       2.428757542294609027e-17
4.076220397836621106e+07       2.967743819314931283e-17
4.504920239355780184e+07       3.626422941944563066e-17
4.978706836786394566e+07       4.431383144179591794e-17
5.502322005640721321e+07       5.415111848738090578e-17
6.081006262521795183e+07       6.617297401386751937e-17
6.720551273974975944e+07       8.086413361911826714e-17
7.427357821433387697e+07       9.881644014041113627e-17
8.208499862389880419e+07       1.207522050815031486e-16
9.071795328941246867e+07       1.475524901653888025e-16
1.002588437228037119e+08       1.802912516354467454e-16
1.108031583623338640e+08       2.202764217086047116e-16
1.224564282529819012e+08       2.690991251033193159e-16
1.353352832366127074e+08       3.286923250528949459e-16
1.495686192226350307e+08       4.014002327954987972e-16
1.652988882215865254e+08       4.900597513932942810e-16
1.826835240527346134e+08       5.980949907859602742e-16
2.018965179946553707e+08       7.296253879639847403e-16
2.231301601484298110e+08       8.895870565437919790e-16
2.465969639416064322e+08       1.083865488227130590e-15
2.725317930340126157e+08       1.319435395662285648e-15
3.011942119122020006e+08       1.604500035374736278e-15
3.328710836980795264e+08       1.948617477168947579e-15
3.678794411714423299e+08       2.362794756296086451e-15
4.065696597405990958e+08       2.859522675553624833e-15
4.493289641172215343e+08       3.452714875745145745e-15
4.965853037914094925e+08       4.157506713223918114e-15
5.488116360940264463e+08       4.531452173667196925e-15
6.065306597126333714e+08       4.940417075145824542e-15
6.703200460356392860e+08       5.376427110812782527e-15
7.408182206817178726e+08       5.824792518373645774e-15
8.187307530779818296e+08       6.262430296076580788e-15
9.048374180359594822e+08       6.657241367171488569e-15
1.000000000000000000e+09       6.970492916354465950e-15
1.105170918075647831e+09       7.166100689423756932e-15
1.221402758160169840e+09       7.234262256669451862e-15
1.349858807576003075e+09       7.302534921047783061e-15
1.491824697641270399e+09       7.371722803501152539e-15
1.648721270700128078e+09       7.442706175414267641e-15
1.822118800390509129e+09       7.516456669539724584e-15
2.013752707470476627e+09       7.594052372001737681e-15
2.225540928492467880e+09       7.676691481571871064e-15
2.459603111156949997e+09       7.765702506036565884e-15
2.718281828459044933e+09       7.862547992910856807e-15
3.004166023946433544e+09       7.968817535268407196e-15
3.320116922736547947e+09       8.086204280439662504e-15
3.669296667619244576e+09       8.216457557189783060e-15
4.055199966844675541e+09       8.361302952349480868e-15
4.481689070338064194e+09       8.522321166591555860e-15
4.953032424395114899e+09       8.650302737901676206e-15
5.473947391727200508e+09       8.776433447688151488e-15
6.049647464412946701e+09       8.897910948071919115e-15
6.685894442279270172e+09       9.010468091561698673e-15
7.389056098930650711e+09       9.112567172057742290e-15
8.166169912567651749e+09       9.204255056001144462e-15
9.025013499434122086e+09       9.287324139772582106e-15
9.974182454814723969e+09       9.365582450354517816e-15
1.102317638064160538e+10       9.442647408342289455e-15
1.218249396070347404e+10       9.519545284008844296e-15
1.346373803500169182e+10       9.596995200845934620e-15
1.487973172487283707e+10       9.675406318215609101e-15
1.644464677109705544e+10       9.754946037276683736e-15
1.817414536944306564e+10       9.835654381506036827e-15
2.008553692318766785e+10       9.917529192941735087e-15
2.219795128144163513e+10       1.000057690509596912e-14
2.453253019710935211e+10       1.008480269820758300e-14
2.711263892065789413e+10       1.017021053202278052e-14
2.996410004739702606e+10       1.025680426171589056e-14
3.311545195869231033e+10       1.034458589814488421e-14
3.659823444367798615e+10       1.043355759911098641e-14
4.044730436006739807e+10       1.052372527522734615e-14
4.470118449330083466e+10       1.061509360749039959e-14
4.940244910553018951e+10       1.070767053378581824e-14
5.459815003314423370e+10       1.080146784360120798e-14
6.034028759736199951e+10       1.089648537984236166e-14
6.668633104092515564e+10       1.099273307876861267e-14
7.369979369959579468e+10       1.109022128338426175e-14
8.145086866496813965e+10       1.118896222584472713e-14
9.001713130052180481e+10       1.128897931038447582e-14
9.948431564193386841e+10       1.139028454248157353e-14
1.099471724521235199e+11       1.149290549969896362e-14
1.215104175187349701e+11       1.159686197651564803e-14
1.342897796849355316e+11       1.170217798325975385e-14
1.484131591025765991e+11       1.180888881392343314e-14
1.640219072999018555e+11       1.191703221913285638e-14
1.812722418751512146e+11       1.202665638911201510e-14
2.003368099747918396e+11       1.213781538651849781e-14
2.214064162041871643e+11       1.225057396490683224e-14
2.446919322642203979e+11       1.236500271128950267e-14
2.704264074261527710e+11       1.248118305704415165e-14
2.988674009670603027e+11       1.259917896945129433e-14
3.302995599096489258e+11       1.271909176679292488e-14
3.650374678653289185e+11       1.284103485667211320e-14
4.034287934927351074e+11       1.296510734604811871e-14
4.458577700825171509e+11       1.309149333259406363e-14
4.927490410932563477e+11       1.322026139982836410e-14
5.445719101259294434e+11       1.335168101121403629e-14
6.018450378720822754e+11       1.348591022637662364e-14
6.651416330443618164e+11       1.362325198105934502e-14
7.350951892419732666e+11       1.376394862347849024e-14
8.124058251675433350e+11       1.390820467686317726e-14
8.978472916504183350e+11       1.405627252807627696e-14
9.922747156050262451e+11       1.420853575571350212e-14
1.096633158428458496e+12       1.436554493327984563e-14
1.211967074492577393e+12       1.452756423109874812e-14
1.339430764394417969e+12       1.469511227111110847e-14
1.480299927584546387e+12       1.486858440760588437e-14
1.635984429995927002e+12       1.504876925809774744e-14
1.808042414456063232e+12       1.523614839678986226e-14
1.998195895104118896e+12       1.543178129858977686e-14
2.208347991887208984e+12       1.563632608505822871e-14
2.440601977624500488e+12       1.585076170091835254e-14
2.697282328268509766e+12       1.607615312192259381e-14
2.980957987041728516e+12       1.631376129667033489e-14
3.294468075283840332e+12       1.656503716613300817e-14
3.640950307332358398e+12       1.683110603911255573e-14
4.023872393822312988e+12       1.711297596396172237e-14
4.447066747699857422e+12       1.741287856673673735e-14
4.914768840299134766e+12       1.773270584586535372e-14
5.431659591362978516e+12       1.807464414085128093e-14
6.002912217261028320e+12       1.844102315171766126e-14
6.634244006277889648e+12       1.883379141469032796e-14
7.331973539155995117e+12       1.925586044576566642e-14
8.103083927575383789e+12       1.971030705524215933e-14
8.955292703482507812e+12       2.020005327981466339e-14
9.897129058743927734e+12       2.072802782536339478e-14
1.093801920816519141e+13       2.129863555497783471e-14
1.208838073021698828e+13       2.191533683389112409e-14
1.335972682966187305e+13       2.258185763910996307e-14
1.476478156557729297e+13       2.330519736641930257e-14
1.631760719801544922e+13       2.408902673980562139e-14
1.803374492782852344e+13       2.494214486974238896e-14
1.993037043823029688e+13       2.587006044056094920e-14
2.202646579480671875e+13       2.688197930263005749e-14
2.434300942440842188e+13       2.798634214003314627e-14
2.690318607429758984e+13       2.919196859195991583e-14
2.973261885289143359e+13       3.050924939014671414e-14
3.285962567444332812e+13       3.195104136615389836e-14
3.631550267424663281e+13       3.352954441251763550e-14
4.013483743087585156e+13       3.525745236936234381e-14
4.435585513029791406e+13       3.714968723600610225e-14
4.902080113638175000e+13       3.922427131305752234e-14
5.417636379669875000e+13       4.149950716491810623e-14
5.987414171519782031e+13       4.399733365784789190e-14
6.617116016837669531e+13       4.674045673233697482e-14
7.313044183341557812e+13       4.975295163834069232e-14
8.082163754031360938e+13       5.305829572275045578e-14
8.932172336080557812e+13       5.669798538451082083e-14
9.871577101076050000e+13       6.069747829527946806e-14
1.090977992765077344e+14       6.510071026195264204e-14
1.205717149864507344e+14       6.994465120092238517e-14
1.332523529455310156e+14       7.526657299476214904e-14
1.472666252405527188e+14       8.111720364757844564e-14
1.627547914190039062e+14       8.756047922581237151e-14
1.798718622537513438e+14       9.464240773566743701e-14
1.987891511429547500e+14       1.024318232670453375e-13
2.196959886721379062e+14       1.109882730517352691e-13
2.428016174983236562e+14       1.203570027608204227e-13
2.683372865208744688e+14       1.306380427149888634e-13
2.965585652982033125e+14       1.419334199890713076e-13
3.277479018738121875e+14       1.543314006049894796e-13
3.622174496112481875e+14       1.679222811833174080e-13
4.003121913298826250e+14       1.828253738279576425e-13
4.424133920089205000e+14       1.991562011366915737e-13
4.889424146154607500e+14       2.170449291371434224e-13
5.403649372466925000e+14       2.366414777180654931e-13
5.971956137928166250e+14       2.580850498952454150e-13
6.600032247661568750e+14       2.815238223576689054e-13
7.294163698477012500e+14       3.070995659325044692e-13
8.061297591239913750e+14       3.350515804672385169e-13
8.909111659791618750e+14       3.655059204258887635e-13
9.846091112290356250e+14       3.986956444804479055e-13
1.088161355402640500e+15       4.348326324916337235e-13
1.202604284164776750e+15       4.742284782576319486e-13
1.329083280812095250e+15       5.170647498779921073e-13
1.468864189654096500e+15       5.636075377332170213e-13
1.623345985008459500e+15       6.140926036446607201e-13
1.794074772606215000e+15       6.689408518104714325e-13
1.982759263537568750e+15       7.285500788596829028e-13
2.191287875606813000e+15       7.931691676933769002e-13
2.421747633252416500e+15       8.630546106798505351e-13
2.676445055189098500e+15       9.386351214537936526e-13
2.957929238822362500e+15       1.020281004281594431e-12
3.269017372472110500e+15       1.108403150100528499e-12
3.612822930740249000e+15       1.203448898425735402e-12
3.992786835210951500e+15       1.305255916811198404e-12
4.412711892350445500e+15       1.414703279744778567e-12
4.876800853272269000e+15       1.532561048456791659e-12
5.389698476283012000e+15       1.658738257778047819e-12
5.956538013184625000e+15       1.793913448934962905e-12
6.582992584583743000e+15       1.938508374185871976e-12
7.275331958389593000e+15       2.093299180995590372e-12
8.040485299758523000e+15       2.258800682411135617e-12
8.886110520507872000e+15       2.435086469615831574e-12
9.820670922071372000e+15       2.622128601815303042e-12
1.085351989906441000e+16       2.819457027141191027e-12
1.199499455120134200e+16       3.026428373886086529e-12
1.325651914046359600e+16       3.243103809963617828e-12
1.465071942895351800e+16       3.468494710366429974e-12
1.619154904176531000e+16       3.700914626539667134e-12
1.789442911955460200e+16       3.938728603641383271e-12
1.977640265849778800e+16       4.179406029668918365e-12
2.185630508232571200e+16       4.419365949460034494e-12
2.415495275357530000e+16       4.654267632971407449e-12
2.669535131074274400e+16       4.878516908939415525e-12
2.950292591644543600e+16       5.086781586803863666e-12
3.260577572099586800e+16       5.272708514405149630e-12
3.603495508814172000e+16       5.429620785536087930e-12
3.982478439757622400e+16       5.550784226671130936e-12
4.401319353483411200e+16       5.630753135240604430e-12
4.864210150633366400e+16       5.665682699062046343e-12
5.375783597888368800e+16       5.654060312566404287e-12
5.941159694254305600e+16       5.597331779399136082e-12
6.565996913733051200e+16       5.499250097141982412e-12
7.256548837232235200e+16       5.366021952069693240e-12
8.019726740504705600e+16       5.205754260011476548e-12
8.863168764519419200e+16       5.026949012884682946e-12
9.795316360543344000e+16       4.838083560111656897e-12
1.082549877502307520e+17       4.646581395134046007e-12
1.196402641981906880e+17       4.458952522133116743e-12
1.322229406227271520e+17       4.277156110785603254e-12
1.461289486786814080e+17       4.106564864134635515e-12
1.614974643686477440e+17       3.946345545478957421e-12
1.784823009631872320e+17       3.795682727437954707e-12
1.972534484157399680e+17       3.653365000078573024e-12
2.179987746792110720e+17       3.516484409089683069e-12
2.409259059515894400e+17       3.380738304253404129e-12
2.662643046687256000e+17       3.241105377407750567e-12
2.942675660415088000e+17       3.093270409078572618e-12
3.252159561219810560e+17       2.933842000656476354e-12
3.594192168001797760e+17       2.760296253858387317e-12
3.972196658050840960e+17       2.570859697408416526e-12
4.389956227355073920e+17       2.366276574048422341e-12
4.851651954097902720e+17       2.147420498713241028e-12
5.361904644293896320e+17       1.918037641070260585e-12
5.925821078368372480e+17       1.684179814329395239e-12
6.549045121532385280e+17       1.451486569541080264e-12
7.237814209482796800e+17       1.228233351192777301e-12
7.999021774755054080e+17       1.020969633671124967e-12
8.840286238513152000e+17       8.344037722402272160e-13
9.770027258269107200e+17       6.710670981903236285e-13
1.079754999464535040e+18       5.317544560317674782e-13
1.193313824054992128e+18       4.158023109589966758e-13
1.318815734483214592e+18       3.213752888264237402e-13
1.457516796051426048e+18       2.460341423659441040e-13
1.610805175602833152e+18       1.871722570859837086e-13
1.780215034761984000e+18       1.420417097229391014e-13
1.967441884339975936e+18       1.049909634028004809e-13
2.174359553576488448e+18       7.183969775783770447e-14
2.403038944052686848e+18       4.871985476904836767e-14
2.655768755970246144e+18       3.268483554899581915e-14
2.935078394232251392e+18       2.163861428187521389e-14
3.243763283577659392e+18       1.409792113419288872e-14
3.584912846131591680e+18       9.001970717953653484e-15
3.961941421380439552e+18       5.613644652395679252e-15
4.378622438028963328e+18       3.421399261862277424e-15
4.839126179743088640e+18       2.078965628555084436e-15
5.348061522750578688e+18       1.281006493747755221e-15
5.910522063023290368e+18       7.766894757791880908e-16
6.532137094697830400e+18       4.626673096822681990e-16
7.219127949943204864e+18       2.702345804405031035e-16
7.978370264144282624e+18       1.543870779793283671e-16
8.817462789571795968e+18       8.600715611792387635e-17
9.744803446248902656e+18       4.670321046237669501e-17
1.076967337115764941e+19       2.472058442975127684e-17
1.190232980697717146e+19       1.272627074158169074e-17
1.315410876001607885e+19       6.358199132690534513e-18
1.453753845477390950e+19       3.076621621210318278e-18
1.606646472062247936e+19       1.438889151190909880e-18
1.775618956552037376e+19       6.487655704706428109e-19
1.962362432365141197e+19       2.815514887391510705e-19
2.168745890974139597e+19       1.173811717573672733e-19
2.396834887400681882e+19       4.694343643794656583e-20
2.648912212984347034e+19       1.799201656852671735e-20
2.927500742325710848e+19       6.584684233808719043e-21
3.235388683063250125e+19       2.281882470873680876e-21
3.575657481192565146e+19       7.410706808962697815e-22
3.951712661213650125e+19       2.282352410922893717e-22
4.367317909764641587e+19       6.586851913795994705e-23
4.826632743862814310e+19       1.771603619009120459e-23
5.334254140748855706e+19       4.432933104970641199e-24
5.895262545980225126e+19       1.029230470159976119e-24
6.515272720237954662e+19       2.190371374921856171e-25
7.200489933738587750e+19       4.161712187991761727e-26
7.957772070664344371e+19       7.108686335522454344e-27
8.794698265172874035e+19       1.079681601059094257e-27
9.719644755919388672e+19       1.444241336633842612e-28
1.074186871826860278e+20       1.688718456873030080e-29
1.187160091321696420e+20       1.690166285581979705e-30
1.312014808028770959e+20       1.463766437950236886e-31
1.450000609918003282e+20       1.070507947358928477e-32
1.602498505273325322e+20       6.682706669896445769e-34
1.771034744287776604e+20       3.758664083352495604e-35
1.957296094288387768e+20       1.981587980338990636e-36
2.163146721470579671e+20       1.084428783721826844e-37
2.390646848099971236e+20       6.120513573892033310e-39
2.642073371909293015e+20       3.348061377066323114e-40
2.919942654056219607e+20       1.664571884148902881e-41
3.227035703711548703e+20       7.365274161702822897e-43
3.566426011333790269e+20       2.927994262765721140e-44
3.941510309194640916e+20       1.034701228785703074e-45
4.356042567017261957e+20       3.421222372140412068e-47
4.814171562967074734e+20       1.077616630113810300e-48
5.320482406017986724e+20       2.945233712710547574e-50
5.880042425264236790e+20       6.514162770224118406e-52
6.498451885453043302e+20       1.083520426665573546e-53
7.181900036316548301e+20       1.283911787938804320e-55
7.937227056663497277e+20       1.049470361061573588e-57
8.771992513187648635e+20       5.553961830071979831e-60
9.694551019152315515e+20       1.790935285330236609e-62
1.071413585016778523e+21       6.512622206319709659e-67
1.184095135391711494e+21       0.000000000000000000e+00
1.308627507869767959e+21       0.000000000000000000e+00
1.446257064291475128e+21       0.000000000000000000e+00
1.598361247516402909e+21       0.000000000000000000e+00
1.766462367334242976e+21       0.000000000000000000e+00
1.952242836252862972e+21       0.000000000000000000e+00
2.157562007648185876e+21       0.000000000000000000e+00
2.384474784797677847e+21       0.000000000000000000e+00
2.635252187043085681e+21       0.000000000000000000e+00
2.912404078915269689e+21       0.000000000000000000e+00
3.218704289702042665e+21       0.000000000000000000e+00
3.557218374864036430e+21       0.000000000000000000e+00
3.931334297144041931e+21       0.000000000000000000e+00
4.344796334436968301e+21       0.000000000000000000e+00
4.801742553781419114e+21       0.000000000000000000e+00
5.306746226525505323e+21       0.000000000000000000e+00
5.864861599163678196e+21       0.000000000000000000e+00
6.481674477934320026e+21       0.000000000000000000e+00
7.163358133446177194e+21       0.000000000000000000e+00
7.916735084845379617e+21       0.000000000000000000e+00
8.749345381880239751e+21       0.000000000000000000e+00
9.669522068253528031e+21       0.000000000000000000e+00
