10285843.260166328  5.973946057362052e-8
10821107.85780656  5.1026208177778236e-8
12599902.864683053  4.223543457880806e-8
14183218.249129584  3.282060712937775e-8
15697787.049034279  2.8035206596170755e-8
16796322.24908142  2.394661567337243e-8
19229399.768737398  1.9820720219539418e-8
20575078.14083864  1.7199234966424302e-8
22390366.348438043  1.4461341479379045e-8
25633784.53316743  1.1237937390726082e-8
30356531.072136756  9.449916637575818e-9
36562467.35936278  8.20118030779482e-9
44037113.99789964  7.117455213680654e-9
53944372.355284885  6.275246995348044e-9
64972488.0874732  5.620537340030581e-9
82327452.23782268  4.8017777581947055e-9
106097168.6656007  4.438960011709423e-9
132182825.38402466  4.103398003352995e-9
173251933.70618793  3.561508154842927e-9
215848645.05394384  3.2407612559181264e-9
282912663.08471566  2.995950259521734e-9
417410178.8991831  2.997280712790407e-9
693236263.778546  2.9990169745837496e-9
1057985715.7270952  3.145838740987203e-9
1458863598.352776  3.4593271333284314e-9
1977905920.0831153  3.7444592748800306e-9
2592439860.078299  3.9895187241575386e-9
3514792028.8764367  4.456732995105851e-9
5185734542.8452  5.058292707701253e-9
6570909094.928537  5.923992180843222e-9
9060670616.038042  6.938521106161638e-9
12706886995.556223  7.751393582723541e-9
16101055431.487467  9.078002723088879e-9
21103641718.28975  1.0140740050375979e-8
28612008646.35245  1.1691342638838107e-8
38791742662.5685  1.4356758247377734e-8
49153502278.91672  1.578591088255817e-8
61238663486.16213  1.8197950013435136e-8
72521222472.18192  1.9386685408721712e-8
95053513885.3272  2.2000483202169377e-8

