7716012.114886557  1.0049539802506451e-9
9613114.985732403  8.451089368200041e-10
11384227.069039464  7.219437792011272e-10
14183218.249129584  6.265684580383178e-10
16796322.24908142  5.611864260992677e-10
20230077.755921654  5.106266601494436e-10
25203960.38036052  4.6463998522675414e-10
33034812.656375114  4.3636856405496666e-10
40466826.111892164  4.1629971469003487e-10
50416231.43265098  4.0988854705996707e-10
62811854.45190255  3.972611897230385e-10
89590999.53451  3.850823044901273e-10
113521875.98520207  3.8518638779174513e-10
151330532.61166352  4.1040317387141667e-10
191752810.49630982  4.304037285027535e-10
247115995.02144542  4.807806527709546e-10
307873346.95491946  5.286300641600455e-10
390110168.3624238  5.998791232952555e-10
446620651.2381448  6.700018803275936e-10
528905658.047731  7.602464082609767e-10
647896312.1857771  8.763928274733501e-10
793656912.072678  1.0592322554922135e-9
972210031.5028827  1.221056148710053e-9
1151329176.219517  1.3855238001539732e-9
1363449078.9662118  1.6483153046240007e-9
1727643380.0129623  1.8704761739631907e-9
2080834089.3838751  2.2606648400317062e-9
2727347737.1976447  2.7759485439817123e-9
3455856427.5355616  3.2510371422226447e-9
4092560460.106361  3.6312067049122035e-9
5455594781.168537  4.252914401423326e-9
6682968286.907761  4.9805854366596325e-9
8326081093.639091  5.741603730584789e-9
11099096764.6848  6.515837658459812e-9
13143984860.052763  7.277786244343787e-9
16101055431.487467  8.258371551406323e-9
20401848706.019993  9.520409363597546e-9
24572699878.385986  1.0633911625426284e-8
29099953088.056236  1.3056235576963971e-8
37501739055.71407  1.6808647559540517e-8
50844309074.17301  2.2689277161472033e-8
60211821093.15109  2.8300551980627175e-8
71305195514.89458  3.529954862414924e-8
83026483890.62624  4.5439510539448825e-8
98323212273.82303  6.036777244814541e-8

