5157133.932441253 1.1603239495817543e-8
6741487.687754332 1.2247927933197898e-8
8931582.459527913 1.3045474571124408e-8
10920725.487835022 1.4275746447937274e-8
13532826.760926457 1.5622040849084093e-8
16769270.740696155 1.6941927464175144e-8
19961197.544746336 1.8208491703838296e-8
24402898.04023873 1.8876851089914694e-8
30235013.828513872 1.9569743220175587e-8
35984404.67463617 1.9925669192497594e-8
44585584.65248643 2.0844063496671653e-8
50295765.783407494 2.103276075430665e-8
61484193.75065484 2.1415295452788276e-8
75157579.47771132 2.1415295452788276e-8
99550409.95908344 2.103276075430665e-8
121682913.58887357 2.0657059153031874e-8
146754293.50327736 2.0106052404905613e-8
189233945.43148583 1.9220175041739923e-8
234422635.87671113 1.8876851089914694e-8
290379472.99138695 1.804513262367188e-8
359749787.5403833 1.8208491703838296e-8
463956261.19785744 1.837332964202307e-8
574823386.0598718 1.8876851089914694e-8
684129911.6892006 1.9220175041739923e-8
803415403.1834697 1.974690430389891e-8
982343174.9773824 2.160916396235358e-8
1301713898.295854 2.451503317673515e-8
1549568263.7601624 2.682695795279727e-8
1869475758.3045614 2.9356912055258343e-8
2347852574.022389 3.212545704722019e-8
3069552365.1835947 3.5473345811877225e-8
3854610690.44415 3.744428297027644e-8
4906459468.286084 4.172076378518182e-8
6245828316.873675 4.7759598302403795e-8
7740360837.304413 5.369592047166718e-8
9464704089.593233 5.982848746241586e-8
11574094042.086365 6.848830819488149e-8
15337764726.67116 7.911134124450896e-8
18505207177.847908 8.814658257473112e-8
23874249706.493443 1.009052805738436e-7
32495358017.91583 1.1551072486620627e-7
38177276418.58963 1.3708385261355806e-7
49264235030.63052 1.686575824555687e-7
58659815252.484184 2.0196855455612316e-7
70781226083.13914 2.3329534136957714e-7
79875635535.901 2.670634662156057e-7

