748047.2118668291  2.386171098148209e-8
871012.6847982054  2.0707763530055702e-8
1031487.3169075033  1.7971039397866336e-8
1263546.3783041304  1.6096393954914766e-8
1521859.434597577  1.4417023478200643e-8
1896032.4995709693  1.3118636567006574e-8
2245355.905700715  1.2318994899183658e-8
2750505.2909015473  1.1209338570177762e-8
3202638.7639371674  1.069319516059356e-8
4342090.77410073  9.731112774632064e-9
5691175.239712105  8.996012831662516e-9
7090440.135229118  8.85747094890154e-9
9293434.761191545  8.721567722935897e-9
11384227.069039464  9.003135563144635e-9
13711561.101438833  1.0056137743013513e-8
18278220.17924177  1.0381792943411307e-8
23555537.752607368  1.0887948565403852e-8
29847516.485025946  1.1600072132334369e-8
38465140.177218474  1.2359010536427257e-8
51276021.46708311  1.4025577182483877e-8
60723071.80810667  1.4251280641613812e-8
79589686.33610141  1.518396830868555e-8
109746752.2236423  1.5925479605480207e-8
139061482.2966897  1.6701590623031486e-8
176206543.3986174  1.751552457128796e-8
247115995.02144542  1.895995899463394e-8
323894756.0911214  2.052192542068599e-8
403529373.3627699  2.1863734791580818e-8
547099219.8330564  2.366583481946735e-8
705058599.8430727  2.5614987996950358e-8
863679296.6052334  2.8611456333776136e-8
1113042193.2675228  3.196030550370233e-8
1483742815.7757423  3.459393911819489e-8
1817548146.7178612  3.5710772814986324e-8
2342313615.1853695  4.052467324836589e-8
2727347737.1976447  4.455442709724524e-8
3635695605.850767  5.056242603175341e-8
5098780782.51861  6.307917207055346e-8
7396615576.28258  6.936914021943974e-8
9215189787.336044  8.384305184274175e-8
11676682229.838308  9.514346580673344e-8
15047992987.989365  1.0968533235318106e-7
21103641718.28975  1.305144781319266e-7
28612008646.35245  1.5776162641222349e-7
38141287482.83223  1.9069340569923315e-7
57233451723.38651  2.534104675709923e-7
81634305999.27158  3.2627939226338225e-7
100000000000  3.7612662950435504e-7

