99158061.83756469  9.168877953217865e-10
106097168.6656007  7.469794083366561e-10
115457859.19712664  6.380539428851466e-10
132182825.38402466  5.365151610821228e-10
151330532.61166352  4.5113508235586685e-10
173251933.70618793  3.793422391302774e-10
205171721.7976403  3.1399537956790887e-10
259975654.68181092  2.682547839415104e-10
346560994.941563  2.365350339641674e-10
454237245.62043256  2.2214285554710643e-10
595368429.5707612  2.1194273821049134e-10
834957993.273292  2.1539495445440197e-10
1057985715.7270952  2.368365822549744e-10
1509046319.239081  2.687938693862355e-10
1880069078.384905  3.098647544256147e-10
2264420929.6657524  3.406907082222139e-10
2773859472.3717723  3.8659426893685583e-10
3574732708.170676  4.387081318436877e-10
4162354306.2332964  5.13741070868863e-10
5274171198.153398  5.829833830644097e-10
6796938517.728833  6.827710198145904e-10
8908742403.238955  8.123658921239279e-10
10373179012.933971  9.664282090987384e-10
13143984860.052763  1.0626319201278957e-9
17521611691.57132  1.3466821474935367e-9
21463539717.8825  1.5770986336736764e-9
26292303774.92768  1.7615892967345764e-9
31136375335.797005  2.0306371791385673e-9
36872914498.12463  2.415786968178121e-9
45168405668.14392  2.7412822666735505e-9
59202196667.35326  3.419623583312829e-9
72521222472.18192  3.942055560550993e-9
100000000000  5.321315559092006e-9

